[{"id": 0, "img_name": "DSCF0656.JPG", "width": 3115, "height": 2078, "position": [-3.5042001994644654, 1.9112193314103354, -0.7310674927633086], "rotation": [[0.5945884113529734, -0.21962632761896156, 0.7734525824517983], [0.4419520485667952, 0.8928866037465515, -0.08620846604343213], [-0.6716718006976031, 0.39308750815379134, 0.6279643326504162]], "fy": 3240.8079303073573, "fx": 3231.5814007282897}, {"id": 1, "img_name": "DSCF0664.JPG", "width": 3115, "height": 2078, "position": [-2.4625439597145733, 2.345285071257704, -1.666357138131014], "rotation": [[0.8442445060170024, -0.171707964271384, 0.5077081731328389], [0.2941240855439632, 0.9403343554157629, -0.17106233462615003], [-0.44804267248001606, 0.2937476383404615, 0.8443755613507334]], "fy": 3240.8079303073573, "fx": 3231.5814007282897}, {"id": 2, "img_name": "DSCF0672.JPG", "width": 3115, "height": 2078, "position": [-0.9988092329331574, 2.6887192890648532, -2.161893560155329], "rotation": [[0.9809708107725671, -0.10347392467139052, 0.16428455595493988], [0.13812118843617022, 0.9665871164390124, -0.2159441678746961], [-0.1364507446560565, 0.2345261035518528, 0.9624856887432629]], "fy": 3240.8079303073573, "fx": 3231.5814007282897}, {"id": 3, "img_name": "DSCF0680.JPG", "width": 3115, "height": 2078, "position": [-0.8460202739659503, 2.0321745547014816, -2.8693675074902423], "rotation": [[0.976386660863964, -0.13475688266523636, 0.16884807094327883], [0.14642686319110024, 0.9874826486729393, -0.0586275729148971], [-0.15883407135414493, 0.08196707353702762, 0.9838969136209554]], "fy": 3240.8079303073573, "fx": 3231.5814007282897}, {"id": 4, "img_name": "DSCF0688.JPG", "width": 3115, "height": 2078, "position": [-2.7463395062724842, 1.688979721992881, -2.1863830931869583], "rotation": [[0.7760529097578421, -0.3134183886217913, 0.5472757942117542], [0.3586937045920397, 0.933100425864134, 0.025737551130795778], [-0.518729898446605, 0.17633068061426962, 0.8365565034901605]], "fy": 3240.8079303073573, "fx": 3231.5814007282897}, {"id": 5, "img_name": "DSCF0696.JPG", "width": 3115, "height": 2078, "position": [-4.028152606623819, 0.8318033482178542, -0.9052383338295754], "rotation": [[0.43878970944423085, -0.4397586067897496, 0.7836299883492118], [0.5322224960914798, 0.8298344396845629, 0.16767235123168736], [-0.724018511876597, 0.34349260613257176, 0.5981722360593574]], "fy": 3240.8079303073573, "fx": 3231.5814007282897}, {"id": 6, "img_name": "DSCF0704.JPG", "width": 3115, "height": 2078, "position": [-2.793801564712702, 0.2947137066261457, -2.3380365329926005], "rotation": [[0.7375495681456348, -0.49839300440066164, 0.4556589159587133], [0.39982344960360516, 0.8660659334094432, 0.30011832355706536], [-0.5442075373194136, -0.03916902031085348, 0.8380357654495582]], "fy": 3240.8079303073573, "fx": 3231.5814007282897}, {"id": 7, "img_name": "DSCF0712.JPG", "width": 3115, "height": 2078, "position": [-0.8811622339498997, 1.3563941592213726, -2.835891342283334], "rotation": [[0.9899783045103178, -0.10876440754471807, 0.09007363793210064], [0.09746573614401338, 0.9877898671407432, 0.12153850686913267], [-0.102192890539324, -0.11154139153479804, 0.9884913409320786]], "fy": 3240.8079303073573, "fx": 3231.5814007282897}, {"id": 8, "img_name": "DSCF0720.JPG", "width": 3115, "height": 2078, "position": [-0.09152129049557911, 2.841183915267326, -2.7177156946070045], "rotation": [[0.9970661389916211, 0.016648516851419673, -0.07471239096019518], [-0.035153636044060035, 0.9666335855466693, -0.25373949863210427], [0.06799512003977067, 0.2556214744105781, 0.9643828728627128]], "fy": 3240.8079303073573, "fx": 3231.5814007282897}, {"id": 9, "img_name": "DSCF0728.JPG", "width": 3115, "height": 2078, "position": [2.5282675341240197, 1.996749330307773, -1.459859462599757], "rotation": [[0.6016345900300155, 0.31703975096109166, -0.7331586570381231], [-0.47112965995581985, 0.8820487126240971, -0.005187684270100948], [0.6450369474606308, 0.3485338790830838, 0.6800378456688787]], "fy": 3240.8079303073573, "fx": 3231.5814007282897}, {"id": 10, "img_name": "DSCF0736.JPG", "width": 3115, "height": 2078, "position": [3.1006825928587096, 0.7425443680088838, -1.230777905644389], "rotation": [[0.45232930980748187, 0.466688898496945, -0.7599997812557545], [-0.546843327132804, 0.8183053727785365, 0.1770273776908672], [0.7045286162104503, 0.33552613743416193, 0.6253492144706828]], "fy": 3240.8079303073573, "fx": 3231.5814007282897}, {"id": 11, "img_name": "DSCF0744.JPG", "width": 3115, "height": 2078, "position": [1.8134759618809995, 1.6620699919439825, -2.413792688218666], "rotation": [[0.7685493868906292, 0.39134506491462745, -0.5061431418847874], [-0.40931245871808025, 0.9087790296336726, 0.08114176751981707], [0.4917267036151258, 0.14480923818957914, 0.8586239767714128]], "fy": 3240.8079303073573, "fx": 3231.5814007282897}, {"id": 12, "img_name": "DSCF0752.JPG", "width": 3115, "height": 2078, "position": [1.9122315876088103, 0.8584009347864445, -2.083075460883764], "rotation": [[0.6062354404759046, 0.5021787905856544, -0.6166806734420298], [-0.44865632283013995, 0.8562031939504499, 0.256171026178968], [0.6566476183582202, 0.1213777284141443, 0.7443664100088739]], "fy": 3240.8079303073573, "fx": 3231.5814007282897}, {"id": 13, "img_name": "DSCF0760.JPG", "width": 3115, "height": 2078, "position": [3.0864188199607208, 1.4270066317686945, -0.40311359874029623], "rotation": [[0.3314346355384226, 0.32565934724366064, -0.8854925589288402], [-0.5412841889450811, 0.8343518438882459, 0.10425175009729892], [0.7727629061772948, 0.4447504807789609, 0.4528073549350811]], "fy": 3240.8079303073573, "fx": 3231.5814007282897}, {"id": 14, "img_name": "DSCF0768.JPG", "width": 3115, "height": 2078, "position": [2.0487158881060195, 0.1562284818189691, -2.309960937208641], "rotation": [[0.6421340746547819, 0.5740696611034611, -0.5080431619142258], [-0.44513793499911547, 0.8187793334146334, 0.36256395573444905], [0.6241122086547979, -0.006665386233797891, 0.7813062930979016]], "fy": 3240.8079303073573, "fx": 3231.5814007282897}, {"id": 15, "img_name": "DSCF0776.JPG", "width": 3115, "height": 2078, "position": [-4.195292374716004, 0.07107066241335128, 1.3359470268513676], "rotation": [[-0.16989212977155266, -0.3198480800316277, 0.9321125843704541], [0.6654079516823481, 0.6604479002395519, 0.3479092250962432], [-0.7268898968066533, 0.6793421647220553, 0.10062455540852987]], "fy": 3240.8079303073573, "fx": 3231.5814007282897}, {"id": 16, "img_name": "DSCF0784.JPG", "width": 3115, "height": 2078, "position": [-4.057656792206376, 0.5235988228260949, -0.33526745326476365], "rotation": [[0.1478586733612075, -0.5054776349913105, 0.8500765690427273], [0.6215561966323221, 0.7160640028460417, 0.3176794583476652], [-0.7692890920452634, 0.48139869583505857, 0.4200590297904317]], "fy": 3240.8079303073573, "fx": 3231.5814007282897}, {"id": 17, "img_name": "DSCF0792.JPG", "width": 3115, "height": 2078, "position": [-3.8767982888649932, -0.454333615721714, 0.08267779356341749], "rotation": [[-0.04107443988244298, -0.5988942623108514, 0.7997740636951692], [0.5742059388863318, 0.640915443182257, 0.5094260833900803], [-0.8176799068926726, 0.48015940817777586, 0.3175633993431206]], "fy": 3240.8079303073573, "fx": 3231.5814007282897}, {"id": 18, "img_name": "DSCF0800.JPG", "width": 3115, "height": 2078, "position": [-3.8552451696137, -1.5202579354632693, 1.5862082197698957], "rotation": [[-0.34423545920731724, -0.5683455138161567, 0.7473187576592573], [0.4731640929529276, 0.5824784338621332, 0.6609346527649689], [-0.8109363043817686, 0.5811215458151293, 0.06841095836979712]], "fy": 3240.8079303073573, "fx": 3231.5814007282897}, {"id": 19, "img_name": "DSCF0808.JPG", "width": 3115, "height": 2078, "position": [-3.953032563858075, -1.3229920213923798, 0.038746112109232934], "rotation": [[-0.09300399692577932, -0.6668688401759711, 0.7393485014241825], [0.5884040712515091, 0.5622143484938696, 0.5811158879967598], [-0.8032004142743447, 0.48908176857246316, 0.34010015901136037]], "fy": 3240.8079303073573, "fx": 3231.5814007282897}, {"id": 20, "img_name": "DSCF0816.JPG", "width": 3115, "height": 2078, "position": [-0.8970295939392136, -1.665040294288931, 3.489095206573501], "rotation": [[-0.982996946507514, -0.04735183519868322, 0.17741140566553135], [0.13228816321881753, 0.487437853247199, 0.8630783168947957], [-0.1273453769443338, 0.8718727790939906, -0.47288583405070034]], "fy": 3240.8079303073573, "fx": 3231.5814007282897}, {"id": 21, "img_name": "DSCF0824.JPG", "width": 3115, "height": 2078, "position": [-2.35521465357497, -1.2901559196686863, 2.955097766477944], "rotation": [[-0.7850108448319718, -0.23585595496140963, 0.5728262755892352], [0.38994469001689575, 0.5303702899020336, 0.7527619107771459], [-0.4813534171726841, 0.8142968280046744, -0.32437565210370706]], "fy": 3240.8079303073573, "fx": 3231.5814007282897}, {"id": 22, "img_name": "DSCF0832.JPG", "width": 3115, "height": 2078, "position": [-1.6398213727190352, -2.5595613272627173, 2.712828051836535], "rotation": [[-0.9401546156420529, -0.2097730571333906, 0.26852292860732613], [0.19079008297794123, 0.32886064752986754, 0.9249053025815706], [-0.28232683705984135, 0.9207855010843444, -0.26915723670122316]], "fy": 3240.8079303073573, "fx": 3231.5814007282897}, {"id": 23, "img_name": "DSCF0840.JPG", "width": 3115, "height": 2078, "position": [0.17772336623632037, -2.0057918945824245, 3.627636603605587], "rotation": [[-0.9935936370340197, 0.03609169354628389, -0.10709376313524897], [-0.07263352444394697, 0.5220517272558696, 0.8498154889127483], [0.086579764219812, 0.8521498598991403, -0.5160858074986338]], "fy": 3240.8079303073573, "fx": 3231.5814007282897}, {"id": 24, "img_name": "DSCF0848.JPG", "width": 3115, "height": 2078, "position": [2.1290051954914384, -1.4691302062827774, 2.2601816545731395], "rotation": [[-0.7133885897226595, 0.3554110724497335, -0.6039533836594048], [-0.4488133554346236, 0.43016463963745816, 0.7832783380057755], [0.5381851837769489, 0.8298441735565212, -0.14736130963473892]], "fy": 3240.8079303073573, "fx": 3231.5814007282897}, {"id": 25, "img_name": "DSCF0856.JPG", "width": 3115, "height": 2078, "position": [2.760179509037528, -1.125708135150758, 1.4357721890393254], "rotation": [[-0.5330442670761265, 0.5024532787532168, -0.6807382110675267], [-0.5130185079167024, 0.4478604500122145, 0.732279337309047], [0.6728118755433757, 0.7395686039746407, 0.019038386034685467]], "fy": 3240.8079303073573, "fx": 3231.5814007282897}, {"id": 26, "img_name": "DSCF0864.JPG", "width": 3115, "height": 2078, "position": [1.9113295539060535, -2.2790034432074595, 1.5051511614375406], "rotation": [[-0.6720134405799555, 0.5429162902326303, -0.503626684638462], [-0.3796913823208293, 0.3312793359383652, 0.8637641204469734], [0.6357927255569918, 0.7716838104951237, -0.016483529614059668]], "fy": 3240.8079303073573, "fx": 3231.5814007282897}, {"id": 27, "img_name": "DSCF0872.JPG", "width": 3115, "height": 2078, "position": [1.2908998145038315, -2.931140482897417, 1.463764722169197], "rotation": [[-0.8054858824834538, 0.4817219302547305, -0.3451615202068557], [-0.3132718664328179, 0.14828222145592218, 0.9380155225271035], [0.5030439650980317, 0.8636876546019129, 0.031470692186488916]], "fy": 3240.8079303073573, "fx": 3231.5814007282897}, {"id": 28, "img_name": "DSCF0880.JPG", "width": 3115, "height": 2078, "position": [2.6033276288413902, -0.9012656517337638, 1.4693556898497973], "rotation": [[-0.4432119507222835, 0.5851607463316948, -0.6790803101912781], [-0.45595732026042346, 0.505072327526473, 0.7328061585903363], [0.7717940715228914, 0.6344200855265582, 0.04295423428013686]], "fy": 3240.8079303073573, "fx": 3231.5814007282897}, {"id": 29, "img_name": "DSCF0888.JPG", "width": 3115, "height": 2078, "position": [1.9908868214032829, -0.6213176364032001, 1.2835619905004272], "rotation": [[-0.4851324486937572, 0.557928654239167, -0.6733217091430146], [-0.43993599136440503, 0.509727186677736, 0.7393473599491771], [0.7557134580822392, 0.6548998487864172, -0.0018323026254335173]], "fy": 3240.8079303073573, "fx": 3231.5814007282897}, {"id": 30, "img_name": "DSCF0896.JPG", "width": 3115, "height": 2078, "position": [0.9608880182052785, -2.2828615305208784, 2.445915105023406], "rotation": [[-0.869934233420232, 0.31349222248829983, -0.3807059967519539], [-0.2759018396986759, 0.3304810275244906, 0.9025854337940774], [0.4087696226169927, 0.8902274523321009, -0.20100367842369968]], "fy": 3240.8079303073573, "fx": 3231.5814007282897}, {"id": 31, "img_name": "DSCF0904.JPG", "width": 3115, "height": 2078, "position": [3.0377247594028094, 0.4553851477928019, 1.337975620313202], "rotation": [[-0.23912588850573946, 0.2143568695775044, -0.9470321757529006], [-0.6743377840340258, 0.6650928600996369, 0.32081153418878927], [0.6986324945709438, 0.7153339219619168, -0.014491984686784013]], "fy": 3240.8079303073573, "fx": 3231.5814007282897}, {"id": 32, "img_name": "DSCF0912.JPG", "width": 3115, "height": 2078, "position": [3.178716742149415, 0.5329783727506211, 0.24539704923158917], "rotation": [[-0.08971550875547316, 0.38317582686141444, -0.9193081165734468], [-0.6818700539452868, 0.6491567916753018, 0.3371182127303124], [0.725950657428863, 0.6570934070061121, 0.2030366899053021]], "fy": 3240.8079303073573, "fx": 3231.5814007282897}, {"id": 33, "img_name": "DSCF0920.JPG", "width": 3115, "height": 2078, "position": [3.3017314288545934, 0.27681110811102316, 1.4404772611480625], "rotation": [[-0.2850683641420332, 0.21814874174017562, -0.9333526419540276], [-0.726965227510953, 0.5854380044884248, 0.35886473899027693], [0.6247059994552107, 0.7808158997982745, -0.00830330457571652]], "fy": 3240.8079303073573, "fx": 3231.5814007282897}, {"id": 34, "img_name": "DSCF0928.JPG", "width": 3115, "height": 2078, "position": [3.1386421329694163, 0.31192734160693797, -0.49774393594867195], "rotation": [[-0.00552540041537167, 0.5061612373062584, -0.8624211684547448], [-0.7083406097765276, 0.60677674368245, 0.3606599005538868], [0.705849169788891, 0.6128807267117479, 0.35518187500717585]], "fy": 3240.8079303073573, "fx": 3231.5814007282897}, {"id": 35, "img_name": "DSCF0657.JPG", "width": 3115, "height": 2078, "position": [-3.4475502936128595, 1.9332162069831738, -0.8451305630063616], "rotation": [[0.6232529930202758, -0.21977203475919327, 0.7505038037405755], [0.4308573407670315, 0.897404136335376, -0.09501456727955007], [-0.6526236730294344, 0.38257818655271236, 0.6540002083911044]], "fy": 3240.8079303073573, "fx": 3231.5814007282897}, {"id": 36, "img_name": "DSCF0658.JPG", "width": 3115, "height": 2078, "position": [-3.3423470718398542, 1.979809502355503, -0.9864374407142352], "rotation": [[0.660219586565919, -0.2133180648728854, 0.7201426946887778], [0.4077273863961059, 0.9070323205905525, -0.10512253700666503], [-0.6307681633511059, 0.36302585665900516, 0.6858161207639173]], "fy": 3240.8079303073573, "fx": 3231.5814007282897}, {"id": 37, "img_name": "DSCF0659.JPG", "width": 3115, "height": 2078, "position": [-3.2436580587742228, 2.0556785701510254, -1.099652510545835], "rotation": [[0.6941353163596233, -0.21230693764377162, 0.6878240522187701], [0.39081207896966386, 0.9135810747622851, -0.11240791238875132], [-0.6045180572271888, 0.3468362496402469, 0.7171210040305286]], "fy": 3240.8079303073573, "fx": 3231.5814007282897}, {"id": 38, "img_name": "DSCF0660.JPG", "width": 3115, "height": 2078, "position": [-3.1104703724759966, 2.1035254395472855, -1.23131891546309], "rotation": [[0.7343463416093016, -0.20376532467924674, 0.6474682563828099], [0.37074310843791425, 0.9194308975919958, -0.1311349385136169], [-0.5685815668053511, 0.33634285634087463, 0.7507253058726832]], "fy": 3240.8079303073573, "fx": 3231.5814007282897}, {"id": 39, "img_name": "DSCF0661.JPG", "width": 3115, "height": 2078, "position": [-2.9459899576376403, 2.16659238484796, -1.3425728665828291], "rotation": [[0.7578262657939061, -0.2022581073978977, 0.6203152495825687], [0.35287700892958906, 0.9267440708053066, -0.1289311591358565], [-0.5487961073493239, 0.31660240873851436, 0.7736832344953587]], "fy": 3240.8079303073573, "fx": 3231.5814007282897}, {"id": 40, "img_name": "DSCF0662.JPG", "width": 3115, "height": 2078, "position": [-2.7987085774939615, 2.2224755617984346, -1.4678032863409773], "rotation": [[0.7866159400641786, -0.18594294096221942, 0.5887788935952689], [0.3310544912752297, 0.9319365538305562, -0.14797696929226992], [-0.5211893002004621, 0.3113189399004614, 0.7946333940980618]], "fy": 3240.8079303073573, "fx": 3231.5814007282897}, {"id": 41, "img_name": "DSCF0663.JPG", "width": 3115, "height": 2078, "position": [-2.6589053375983642, 2.28762065693878, -1.578148672334306], "rotation": [[0.8208356598414109, -0.1822386752851793, 0.5413112642122079], [0.31253856838519245, 0.9365674774259859, -0.1586222036779835], [-0.47806742495640725, 0.29938340878917835, 0.8257245979970088]], "fy": 3240.8079303073573, "fx": 3231.5814007282897}, {"id": 42, "img_name": "DSCF0665.JPG", "width": 3115, "height": 2078, "position": [-2.319625111752014, 2.4149179177607945, -1.7465883590662932], "rotation": [[0.8662040549993324, -0.16938420539072238, 0.4701058668713541], [0.27748791125828537, 0.9454546409017196, -0.17063405610520593], [-0.41556105954267136, 0.2782526063877105, 0.8659587131210231]], "fy": 3240.8079303073573, "fx": 3231.5814007282897}, {"id": 43, "img_name": "DSCF0666.JPG", "width": 3115, "height": 2078, "position": [-2.149429270512554, 2.4497073478569056, -1.8403281972330472], "rotation": [[0.8866661555423259, -0.15927231188430613, 0.43411456930494763], [0.25911306127759187, 0.9487050994250171, -0.18116030415166315], [-0.38299288517039937, 0.27311346541684195, 0.8824542395596822]], "fy": 3240.8079303073573, "fx": 3231.5814007282897}, {"id": 44, "img_name": "DSCF0667.JPG", "width": 3115, "height": 2078, "position": [-1.951186846852661, 2.5030679012941217, -1.9249310712568746], "rotation": [[0.9116163886758655, -0.157233725847131, 0.37978035145831707], [0.24108026554399997, 0.9528673563311534, -0.18418497985371465], [-0.3329202088531247, 0.25946359416054515, 0.9065554466454236]], "fy": 3240.8079303073573, "fx": 3231.5814007282897}, {"id": 45, "img_name": "DSCF0668.JPG", "width": 3115, "height": 2078, "position": [-1.7582079112500912, 2.5553613232693504, -1.9820891876739728], "rotation": [[0.9274384966337774, -0.15390298829697807, 0.3408397059541906], [0.2302918830957055, 0.9531255141091642, -0.19625851047629825], [-0.2946582487253882, 0.26051031562569965, 0.9194079028976669]], "fy": 3240.8079303073573, "fx": 3231.5814007282897}, {"id": 46, "img_name": "DSCF0669.JPG", "width": 3115, "height": 2078, "position": [-1.5781188387781393, 2.606655330788005, -2.027055217824633], "rotation": [[0.9467301044556146, -0.14230959906097354, 0.2888772876717136], [0.205485090280474, 0.9576581605021134, -0.20165992486394974], [-0.24794754886847836, 0.25027749726815907, 0.9358863111357598]], "fy": 3240.8079303073573, "fx": 3231.5814007282897}, {"id": 47, "img_name": "DSCF0670.JPG", "width": 3115, "height": 2078, "position": [-1.3826464053482297, 2.66446271859717, -2.0466480567516383], "rotation": [[0.9629034517005832, -0.12488888141282543, 0.2392064171433446], [0.17711668810486225, 0.9612877610251402, -0.21108178343485198], [-0.20358443333876847, 0.2456188262383933, 0.9477472082255936]], "fy": 3240.8079303073573, "fx": 3231.5814007282897}, {"id": 48, "img_name": "DSCF0671.JPG", "width": 3115, "height": 2078, "position": [-1.1808184017302767, 2.693310196061724, -2.0840749556554403], "rotation": [[0.9730270875613919, -0.12035064625897339, 0.19680957501311472], [0.16219387906801436, 0.9635720182921991, -0.21265491096414468], [-0.16404704344993767, 0.23884029708017326, 0.9571018127795959]], "fy": 3240.8079303073573, "fx": 3231.5814007282897}, {"id": 49, "img_name": "DSCF0673.JPG", "width": 3115, "height": 2078, "position": [-0.7968517539004956, 2.684579428228235, -2.266158360121472], "rotation": [[0.9890888704964227, -0.08999460630982668, 0.11663694567010124], [0.11341215888325643, 0.9704567801734478, -0.21295849368556183], [-0.09402599894470594, 0.2238629237960672, 0.9700744831567966]], "fy": 3240.8079303073573, "fx": 3231.5814007282897}, {"id": 50, "img_name": "DSCF0674.JPG", "width": 3115, "height": 2078, "position": [-0.6052285750731093, 2.688315150212943, -2.365014043760801], "rotation": [[0.9935785879851233, -0.07518530173931538, 0.08455033944258727], [0.08997715716158652, 0.9781217090131069, -0.18756874352193714], [-0.06859810993466064, 0.1939718865187612, 0.9786057462296781]], "fy": 3240.8079303073573, "fx": 3231.5814007282897}, {"id": 51, "img_name": "DSCF0675.JPG", "width": 3115, "height": 2078, "position": [-0.4656639779206298, 2.631151445918603, -2.481345675462968], "rotation": [[0.9969687610987967, -0.05970591629144881, 0.04988479681153791], [0.06736169795210659, 0.983235554777728, -0.16944097931121155], [-0.038931876940870414, 0.1722876878384865, 0.9842770248142181]], "fy": 3240.8079303073573, "fx": 3231.5814007282897}, {"id": 52, "img_name": "DSCF0676.JPG", "width": 3115, "height": 2078, "position": [-0.3947077261581163, 2.517795381649667, -2.5983625965327635], "rotation": [[0.9980854995059447, -0.05469879650637247, 0.028868275610496628], [0.058659935796072385, 0.9851269633045022, -0.161505040487443], [-0.019604785343629874, 0.1628892502014924, 0.9864495651377346]], "fy": 3240.8079303073573, "fx": 3231.5814007282897}, {"id": 53, "img_name": "DSCF0677.JPG", "width": 3115, "height": 2078, "position": [-0.4207947309046194, 2.420854437501209, -2.6864524343693454], "rotation": [[0.9972100934932215, -0.06375062337631579, 0.03883152655216393], [0.06811645813656379, 0.9899336742645838, -0.12406235806218797], [-0.030531583093086196, 0.12636130173495336, 0.9915143185338666]], "fy": 3240.8079303073573, "fx": 3231.5814007282897}, {"id": 54, "img_name": "DSCF0678.JPG", "width": 3115, "height": 2078, "position": [-0.52674662047482, 2.2804537183702167, -2.7821741324675484], "rotation": [[0.9926943039025666, -0.09062510708080136, 0.07965619226395397], [0.09875256710685698, 0.9895743317401091, -0.10483593110628724], [-0.06932495574614113, 0.11193628512555606, 0.9912942643751581]], "fy": 3240.8079303073573, "fx": 3231.5814007282897}, {"id": 55, "img_name": "DSCF0679.JPG", "width": 3115, "height": 2078, "position": [-0.674264174181083, 2.1372790580147094, -2.8523009406014777], "rotation": [[0.9889214154364488, -0.10110816933087757, 0.1086810571614444], [0.11048002517168912, 0.9903246381866142, -0.08397187051992176], [-0.09913928650758738, 0.09504866698228939, 0.9905236760298345]], "fy": 3240.8079303073573, "fx": 3231.5814007282897}, {"id": 56, "img_name": "DSCF0681.JPG", "width": 3115, "height": 2078, "position": [-1.0709135437161899, 1.928588523285396, -2.8500680528242586], "rotation": [[0.9651700520264569, -0.1538120409744159, 0.21163323633713804], [0.16692553379049913, 0.9849213941354711, -0.04545012148495079], [-0.2014513262304402, 0.07919408706162637, 0.9762917902627637]], "fy": 3240.8079303073573, "fx": 3231.5814007282897}, {"id": 57, "img_name": "DSCF0682.JPG", "width": 3115, "height": 2078, "position": [-1.2896525918339916, 1.8349633989362253, -2.8033920648380093], "rotation": [[0.9484980541345726, -0.1845896250624346, 0.2574453565754085], [0.19822677854500192, 0.9797610890373364, -0.027827193103932495], [-0.24709833178433274, 0.07742660219641953, 0.9658920931976394]], "fy": 3240.8079303073573, "fx": 3231.5814007282897}, {"id": 58, "img_name": "DSCF0683.JPG", "width": 3115, "height": 2078, "position": [-1.5811060389249763, 1.741679586738438, -2.714313262699685], "rotation": [[0.924594187851536, -0.22356507984431945, 0.3084546042213695], [0.2387393927811156, 0.9710114640013869, -0.011842259598055386], [-0.2968654411103839, 0.08458954930774015, 0.9511653473619877]], "fy": 3240.8079303073573, "fx": 3231.5814007282897}, {"id": 59, "img_name": "DSCF0684.JPG", "width": 3115, "height": 2078, "position": [-1.8030588269609074, 1.7029111959511876, -2.6441611574129222], "rotation": [[0.8959478064450659, -0.25633814859540177, 0.3627234231490383], [0.2693709548646335, 0.9629175406198435, 0.015136004821202828], [-0.353152681996881, 0.08414608452752634, 0.9317739101612024]], "fy": 3240.8079303073573, "fx": 3231.5814007282897}, {"id": 60, "img_name": "DSCF0685.JPG", "width": 3115, "height": 2078, "position": [-2.0506229928543585, 1.6971946296130194, -2.6036566388032742], "rotation": [[0.8726052217423785, -0.2714940599864069, 0.4060185985641932], [0.29134230048430587, 0.9565242133041365, 0.01345709149167862], [-0.39202014098314725, 0.10654766424000224, 0.9137657272564742]], "fy": 3240.8079303073573, "fx": 3231.5814007282897}, {"id": 61, "img_name": "DSCF0686.JPG", "width": 3115, "height": 2078, "position": [-2.316115911861423, 1.6891817318279625, -2.514161382829776], "rotation": [[0.8469971536090012, -0.2858104224210447, 0.44822787085784177], [0.31254157990278214, 0.9497851719339113, 0.01502957106318736], [-0.4300157934426629, 0.12735984300388617, 0.8937929781442134]], "fy": 3240.8079303073573, "fx": 3231.5814007282897}, {"id": 62, "img_name": "DSCF0687.JPG", "width": 3115, "height": 2078, "position": [-2.5589991404871384, 1.692361518541446, -2.364810512256995], "rotation": [[0.8133552721964207, -0.29844801335590965, 0.4993816020982322], [0.3325445984014674, 0.9428344411764074, 0.021847347792774762], [-0.47735447129391495, 0.14829699880807576, 0.8661066382843539]], "fy": 3240.8079303073573, "fx": 3231.5814007282897}, {"id": 63, "img_name": "DSCF0689.JPG", "width": 3115, "height": 2078, "position": [-2.941482157645144, 1.6579184762270711, -2.0309946307671902], "rotation": [[0.7448666775371329, -0.3393546792244067, 0.5744667391444807], [0.3867331812293175, 0.921200987876599, 0.04273390306805554], [-0.5437012775698109, 0.1903342891432811, 0.8174116338450763]], "fy": 3240.8079303073573, "fx": 3231.5814007282897}, {"id": 64, "img_name": "DSCF0690.JPG", "width": 3115, "height": 2078, "position": [-3.1270714219453923, 1.5662197893753194, -1.8714777477211268], "rotation": [[0.6960977132163715, -0.36497459798965204, 0.618256836983814], [0.4206698899521158, 0.9051795385733871, 0.06071940905299375], [-0.581794480330136, 0.2178153937864858, 0.7836272308228096]], "fy": 3240.8079303073573, "fx": 3231.5814007282897}, {"id": 65, "img_name": "DSCF0691.JPG", "width": 3115, "height": 2078, "position": [-3.301624938243227, 1.4500980502182543, -1.6665910327598215], "rotation": [[0.635538575993617, -0.39122916074752395, 0.665605335168517], [0.463005601382403, 0.883010957853064, 0.07692503753612155], [-0.6178321224349905, 0.25929016967907287, 0.742328819590936]], "fy": 3240.8079303073573, "fx": 3231.5814007282897}, {"id": 66, "img_name": "DSCF0692.JPG", "width": 3115, "height": 2078, "position": [-3.486290979780468, 1.3920462858662992, -1.4465827505604696], "rotation": [[0.579629996674013, -0.4074150779432143, 0.705720923042677], [0.4867763590972247, 0.8676567167744265, 0.10109697354655209], [-0.6535119304035186, 0.2849294230169064, 0.7012398881406559]], "fy": 3240.8079303073573, "fx": 3231.5814007282897}, {"id": 67, "img_name": "DSCF0693.JPG", "width": 3115, "height": 2078, "position": [-3.6689515254388767, 1.329459381951443, -1.2243711243296296], "rotation": [[0.5206791329221347, -0.41831430299140593, 0.7442488726577073], [0.5096391994311007, 0.851673465584107, 0.12214824772866668], [-0.6849533757436932, 0.3156983559234529, 0.6566379680802413]], "fy": 3240.8079303073573, "fx": 3231.5814007282897}, {"id": 68, "img_name": "DSCF0694.JPG", "width": 3115, "height": 2078, "position": [-3.8328964102461534, 1.2159145353995564, -1.0176291566586964], "rotation": [[0.47755185277428486, -0.41127612228435045, 0.77639949713443], [0.5251781518104616, 0.8420527359233667, 0.12302478931061393], [-0.7043664790240914, 0.348997336899182, 0.6181170779589278]], "fy": 3240.8079303073573, "fx": 3231.5814007282897}, {"id": 69, "img_name": "DSCF0695.JPG", "width": 3115, "height": 2078, "position": [-3.9566763305433694, 1.0742414157444453, -0.920707642156462], "rotation": [[0.4471074677367162, -0.426125008261992, 0.7864555865576761], [0.5333877885737547, 0.8328206439546403, 0.14801095230886693], [-0.7180476163141694, 0.35330900404135673, 0.5996502050102575]], "fy": 3240.8079303073573, "fx": 3231.5814007282897}, {"id": 70, "img_name": "DSCF0697.JPG", "width": 3115, "height": 2078, "position": [-4.039680508154866, 0.5924827585392997, -0.9838226915354198], "rotation": [[0.43262676458233557, -0.48340880339403625, 0.761019061106991], [0.5362059268158726, 0.8165467595533132, 0.21385647876675296], [-0.7247877528039167, 0.3155428944915883, 0.6124666481705915]], "fy": 3240.8079303073573, "fx": 3231.5814007282897}, {"id": 71, "img_name": "DSCF0698.JPG", "width": 3115, "height": 2078, "position": [-4.01380858003602, 0.4065569191159675, -1.123735883842514], "rotation": [[0.4503303778117609, -0.5166236826886279, 0.7282187317730547], [0.5256180829534685, 0.8126920842244716, 0.25150985489877914], [-0.7217535463662351, 0.2695024057854109, 0.6375266830365914]], "fy": 3240.8079303073573, "fx": 3231.5814007282897}, {"id": 72, "img_name": "DSCF0699.JPG", "width": 3115, "height": 2078, "position": [-3.9416368833426763, 0.25973703309919327, -1.3185394468705605], "rotation": [[0.48117651277187934, -0.5326992949368743, 0.6962044417629424], [0.5031433613451688, 0.8181731111821863, 0.2782795681913186], [-0.7178550839068975, 0.21638905081408058, 0.661709798323104]], "fy": 3240.8079303073573, "fx": 3231.5814007282897}, {"id": 73, "img_name": "DSCF0700.JPG", "width": 3115, "height": 2078, "position": [-3.8106129413731487, 0.15344800437875428, -1.5432303988589977], "rotation": [[0.5290566514233599, -0.5382142853184047, 0.6560674071037981], [0.4873803733027403, 0.8256177817632634, 0.2842809352657854], [-0.6946649777439359, 0.16935365811079262, 0.6991136582706061]], "fy": 3240.8079303073573, "fx": 3231.5814007282897}, {"id": 74, "img_name": "DSCF0701.JPG", "width": 3115, "height": 2078, "position": [-3.5982150081948285, 0.1060473403405902, -1.7486888571867485], "rotation": [[0.5827047464141327, -0.5393446015688452, 0.607916589068751], [0.46525191754332323, 0.8347150599898481, 0.29460383882156893], [-0.6663301221832175, 0.11116730357748043, 0.737323537455987]], "fy": 3240.8079303073573, "fx": 3231.5814007282897}, {"id": 75, "img_name": "DSCF0702.JPG", "width": 3115, "height": 2078, "position": [-3.268870395596563, 0.18059422240552048, -1.9584320693158463], "rotation": [[0.6480089933843304, -0.5272358477722416, 0.5496423430894971], [0.43493982493105526, 0.8485856467353424, 0.3012137925854386], [-0.6252293124782059, 0.04387209795127445, 0.7792069980687955]], "fy": 3240.8079303073573, "fx": 3231.5814007282897}, {"id": 76, "img_name": "DSCF0703.JPG", "width": 3115, "height": 2078, "position": [-3.0278056128401323, 0.20731496412494785, -2.149489465598135], "rotation": [[0.6878092272710281, -0.5195317426115784, 0.5069568377088998], [0.4283388919744623, 0.8543250692777432, 0.29437131250457965], [-0.5860411764568434, 0.014678025158574288, 0.8101483167139972]], "fy": 3240.8079303073573, "fx": 3231.5814007282897}, {"id": 77, "img_name": "DSCF0705.JPG", "width": 3115, "height": 2078, "position": [-2.5152574971016732, 0.4232262992082979, -2.4694640976704747], "rotation": [[0.777652657979504, -0.4604716157139161, 0.428044664327484], [0.3686445859347807, 0.8854957063545144, 0.2828401019811262], [-0.5092715511378844, -0.06215500904621911, 0.8583584577856024]], "fy": 3240.8079303073573, "fx": 3231.5814007282897}, {"id": 78, "img_name": "DSCF0706.JPG", "width": 3115, "height": 2078, "position": [-2.246191828638258, 0.5498508804399368, -2.5650118433875346], "rotation": [[0.8121061865542667, -0.4257605485680917, 0.3990131539727533], [0.33434230905322004, 0.8999584139782456, 0.2798036337982799], [-0.47822459382307764, -0.09382328278608923, 0.8732115605453205]], "fy": 3240.8079303073573, "fx": 3231.5814007282897}, {"id": 79, "img_name": "DSCF0707.JPG", "width": 3115, "height": 2078, "position": [-2.0069094655697386, 0.653995092235104, -2.6028822493571897], "rotation": [[0.8589384423857068, -0.3732693818405572, 0.35056343330756023], [0.29311367819429074, 0.9197281131123066, 0.26112175245714414], [-0.41989180016693556, -0.12153257395136752, 0.8994001943636245]], "fy": 3240.8079303073573, "fx": 3231.5814007282897}, {"id": 80, "img_name": "DSCF0708.JPG", "width": 3115, "height": 2078, "position": [-1.7618237943356432, 0.7837890932007624, -2.642840803546614], "rotation": [[0.8997933441044604, -0.3139044158491315, 0.3030444779495705], [0.2495226258742475, 0.9399740191671851, 0.23278166265302913], [-0.3579251277601678, -0.13383893679009815, 0.9241086201939487]], "fy": 3240.8079303073573, "fx": 3231.5814007282897}, {"id": 81, "img_name": "DSCF0709.JPG", "width": 3115, "height": 2078, "position": [-1.5226119734620127, 0.915883255286731, -2.687911799542421], "rotation": [[0.9334721456850953, -0.24809500781757396, 0.2589954059941266], [0.20203360246029142, 0.9604102649023032, 0.19181904636194197], [-0.29633119428602417, -0.12673196189709154, 0.9466397588981421]], "fy": 3240.8079303073573, "fx": 3231.5814007282897}, {"id": 82, "img_name": "DSCF0710.JPG", "width": 3115, "height": 2078, "position": [-1.2878009512807185, 1.075376142196655, -2.7162143394436082], "rotation": [[0.9582022739435887, -0.20439033401529547, 0.20018240075104424], [0.1703727354788864, 0.9697786097436693, 0.17464987572018917], [-0.22982935672967705, -0.13324428484836437, 0.9640666093898651]], "fy": 3240.8079303073573, "fx": 3231.5814007282897}, {"id": 83, "img_name": "DSCF0711.JPG", "width": 3115, "height": 2078, "position": [-1.0738648756792681, 1.2058567290668831, -2.7619468494713324], "rotation": [[0.9770074109647788, -0.15401231585472192, 0.14743380034769937], [0.13181708013680585, 0.9798511875636593, 0.15005301601198567], [-0.16757319685470826, -0.12716861560602008, 0.9776233256734116]], "fy": 3240.8079303073573, "fx": 3231.5814007282897}, {"id": 84, "img_name": "DSCF0713.JPG", "width": 3115, "height": 2078, "position": [-0.7046105290819233, 1.5286952115397638, -2.8572342737092513], "rotation": [[0.9965423774531001, -0.06353479029083699, 0.05354082893290115], [0.0590638919612406, 0.9949371798591015, 0.08131091439904473], [-0.058435833240518764, -0.07786744221250139, 0.9952496746227898]], "fy": 3240.8079303073573, "fx": 3231.5814007282897}, {"id": 85, "img_name": "DSCF0714.JPG", "width": 3115, "height": 2078, "position": [-0.5588890213754111, 1.6897997789828603, -2.841146510565243], "rotation": [[0.9997858740661478, -0.010525076311373827, 0.017816531268141127], [0.009658478496904464, 0.9987984096048212, 0.048046339756579556], [-0.018300814487714118, -0.047863971205068225, 0.9986861971858663]], "fy": 3240.8079303073573, "fx": 3231.5814007282897}, {"id": 86, "img_name": "DSCF0715.JPG", "width": 3115, "height": 2078, "position": [-0.3899878780926883, 1.844367922255108, -2.8142378866055644], "rotation": [[0.9995540485009501, 0.02661808165381383, -0.013534469122627285], [-0.026458197415217637, 0.9995795865823103, 0.011858072249537163], [0.013844418185601828, -0.011494686468485, 0.999838089026465]], "fy": 3240.8079303073573, "fx": 3231.5814007282897}, {"id": 87, "img_name": "DSCF0716.JPG", "width": 3115, "height": 2078, "position": [-0.26886625486552923, 2.0103086170658218, -2.812470846377977], "rotation": [[0.9982075022924712, 0.04528263434085175, -0.039131386305352504], [-0.0467516390634973, 0.9982032286835196, -0.03747797340670057], [0.03736397478725315, 0.039240250673888345, 0.9985309890610046]], "fy": 3240.8079303073573, "fx": 3231.5814007282897}, {"id": 88, "img_name": "DSCF0717.JPG", "width": 3115, "height": 2078, "position": [-0.17568705453664998, 2.216071839829145, -2.819022532893513], "rotation": [[0.9970610941424266, 0.03782888171316629, -0.06661944352693625], [-0.042301389500960546, 0.996852049584732, -0.06705657078174485], [0.0638730537378275, 0.06967759286205577, 0.9955226095168076]], "fy": 3240.8079303073573, "fx": 3231.5814007282897}, {"id": 89, "img_name": "DSCF0718.JPG", "width": 3115, "height": 2078, "position": [-0.07948852723695823, 2.4226891617162023, -2.8514031166457747], "rotation": [[0.9959666915567056, 0.0505506681074295, -0.07412812734369054], [-0.05990776296714624, 0.9897037626850016, -0.12999046912532697], [0.06679378149096, 0.1339070277507602, 0.9887403595854146]], "fy": 3240.8079303073573, "fx": 3231.5814007282897}, {"id": 90, "img_name": "DSCF0719.JPG", "width": 3115, "height": 2078, "position": [-0.052648118615838124, 2.616958650014234, -2.799557845002768], "rotation": [[0.995665593749423, 0.035407891368450455, -0.08600178284459761], [-0.049673488339959694, 0.9842134879311889, -0.16987158305750694], [0.07862932010229519, 0.17340729916345393, 0.9817063403162309]], "fy": 3240.8079303073573, "fx": 3231.5814007282897}, {"id": 91, "img_name": "DSCF0721.JPG", "width": 3115, "height": 2078, "position": [-0.04651482880340275, 3.029289929125809, -2.711200287140948], "rotation": [[0.9979603060083688, 0.011791687853877644, -0.062739012816903], [-0.029969798125713074, 0.9542957469239229, -0.29735742567357565], [0.056365227152800595, 0.2986311830677916, 0.9527026701272252]], "fy": 3240.8079303073573, "fx": 3231.5814007282897}, {"id": 92, "img_name": "DSCF0722.JPG", "width": 3115, "height": 2078, "position": [-0.0007224767660926078, 3.1278263255361467, -2.77287363674596], "rotation": [[0.9971971615723917, -0.0008753512304434724, -0.07481346611532438], [-0.02331582645777484, 0.9465022492656935, -0.3218537934708464], [0.07109284906765485, 0.3226960270830843, 0.9438289468522552]], "fy": 3240.8079303073573, "fx": 3231.5814007282897}, {"id": 93, "img_name": "DSCF0723.JPG", "width": 3115, "height": 2078, "position": [1.905929390146258, 2.4779170458072706, -1.803759827882379], "rotation": [[0.7252472401446365, 0.2514113339361635, -0.6409436650993805], [-0.38431846650526985, 0.9202378260052856, -0.07390304386223637], [0.5712405421235661, 0.29992446508663606, 0.7640219619074243]], "fy": 3240.8079303073573, "fx": 3231.5814007282897}, {"id": 94, "img_name": "DSCF0724.JPG", "width": 3115, "height": 2078, "position": [1.9818662075483782, 2.4057333462741557, -1.7544024472954656], "rotation": [[0.7011815497261805, 0.2644601663628356, -0.6621217824017974], [-0.3981242392247358, 0.9156269062418608, -0.055896857762167254], [0.5914740268729618, 0.30280057624334195, 0.747308695628107]], "fy": 3240.8079303073573, "fx": 3231.5814007282897}, {"id": 95, "img_name": "DSCF0725.JPG", "width": 3115, "height": 2078, "position": [2.0911271255705306, 2.3230419746291977, -1.7009654966666707], "rotation": [[0.6707300355360908, 0.28446300148565923, -0.6849832262293175], [-0.4191863248063791, 0.9072750666356646, -0.0336864743861893], [0.6118856466081513, 0.30973013131921845, 0.7277796378217134]], "fy": 3240.8079303073573, "fx": 3231.5814007282897}, {"id": 96, "img_name": "DSCF0726.JPG", "width": 3115, "height": 2078, "position": [2.2090721055776847, 2.2100241727708596, -1.6572765173830601], "rotation": [[0.6484861746185752, 0.29885611421445835, -0.7001076376709522], [-0.43097682787517727, 0.9022535623164599, -0.014052868814146677], [0.6274748243262166, 0.3108432599943137, 0.7138990212578323]], "fy": 3240.8079303073573, "fx": 3231.5814007282897}, {"id": 97, "img_name": "DSCF0727.JPG", "width": 3115, "height": 2078, "position": [2.3600416974167335, 2.065067704271542, -1.6016468209740504], "rotation": [[0.6265349703123254, 0.3043436822158408, -0.7175157517929741], [-0.4499116984937629, 0.8929617051692774, -0.014101654499876614], [0.6364223397510419, 0.33165391026864116, 0.6963995184298517]], "fy": 3240.8079303073573, "fx": 3231.5814007282897}, {"id": 98, "img_name": "DSCF0729.JPG", "width": 3115, "height": 2078, "position": [2.6783578933906003, 1.9004377588175223, -1.296523659282433], "rotation": [[0.560633977634622, 0.3256803198716265, -0.7613290171600564], [-0.4929153642229828, 0.8700285964684487, 0.009202447504091847], [0.6653750722972014, 0.3701115650387819, 0.648300426183754]], "fy": 3240.8079303073573, "fx": 3231.5814007282897}, {"id": 99, "img_name": "DSCF0730