[{"id": 0, "img_name": "DSC07956.JPG", "width": 5187, "height": 3361, "position": [0.32511876709066195, 2.9957802654512298, -3.225355003982969], "rotation": [[0.9999338259558068, -0.010638588983250229, -0.004377685898681347], [0.008907733496057774, 0.9568136992250933, -0.2905653063584087], [0.00727983470590212, 0.2905070832176698, 0.9568451487085131]], "fy": 3852.356179237937, "fx": 3844.898776958602}, {"id": 1, "img_name": "DSC07964.JPG", "width": 5187, "height": 3361, "position": [-3.7470147663104454, 1.023277531795199, 0.46018699117578293], "rotation": [[0.10572920306150309, -0.1670321337148854, 0.9802660873082532], [0.46648239145915427, 0.8789220030186591, 0.09944994252495386], [-0.8781887690459993, 0.44676210550618634, 0.1708452721182278]], "fy": 3852.356179237937, "fx": 3844.898776958602}, {"id": 2, "img_name": "DSC07972.JPG", "width": 5187, "height": 3361, "position": [-0.47236299183309877, -0.9504314080741726, 3.941788206918289], "rotation": [[-0.9705549123760506, -0.041227128665984505, 0.23732569587947056], [0.11793442557389681, 0.7777537405131598, 0.6174063413849453], [-0.21003483836561868, 0.6272156271807543, -0.7499906157366114]], "fy": 3852.356179237937, "fx": 3844.898776958602}, {"id": 3, "img_name": "DSC07980.JPG", "width": 5187, "height": 3361, "position": [3.71851275043758, 0.4547740242692421, 1.2406609955442736], "rotation": [[-0.20900966614589706, 0.24394954290361293, -0.9469971383138908], [-0.4726081537302889, 0.8225890889635181, 0.3162099361908429], [0.8561287826520187, 0.5136495023216587, -0.05663652778449789]], "fy": 3852.356179237937, "fx": 3844.898776958602}, {"id": 4, "img_name": "DSC07988.JPG", "width": 5187, "height": 3361, "position": [0.9254777855307261, 2.9276458372690697, -3.2829226156775033], "rotation": [[0.99408524569965, 0.03585740869830666, -0.10251229450026518], [-0.06923971387773264, 0.9364601843788787, -0.3438723383687706], [0.08366831123188885, 0.34893633991678075, 0.9334040091948849]], "fy": 3852.356179237937, "fx": 3844.898776958602}, {"id": 5, "img_name": "DSC07996.JPG", "width": 5187, "height": 3361, "position": [-3.3032622767489697, 1.1459637860858833, -0.799459662873427], "rotation": [[0.36549841546762224, -0.2748316545002842, 0.8893134823982448], [0.43321961029126743, 0.8958562124491364, 0.09880493851710966], [-0.8238517327466996, 0.34915499180295834, 0.4464964883953024]], "fy": 3852.356179237937, "fx": 3844.898776958602}, {"id": 6, "img_name": "DSC08004.JPG", "width": 5187, "height": 3361, "position": [-1.8524691897562915, -0.9337400134986703, 2.966285978095529], "rotation": [[-0.7869124738743972, -0.22276813060234513, 0.5754503614116618], [0.2907429232325243, 0.6887050628532992, 0.6641941651282698], [-0.5442768698475824, 0.6899707938660659, -0.4771823472853413]], "fy": 3852.356179237937, "fx": 3844.898776958602}, {"id": 7, "img_name": "DSC08012.JPG", "width": 5187, "height": 3361, "position": [2.876437628780772, -0.8444176106440945, 2.694509536324592], "rotation": [[-0.7198227086256263, 0.21879935037091755, -0.658773187390114], [-0.3594260751520359, 0.6944196324865103, 0.6233732994908452], [0.5938587076465822, 0.6854985180834194, -0.4212168290296174]], "fy": 3852.356179237937, "fx": 3844.898776958602}, {"id": 8, "img_name": "DSC08020.JPG", "width": 5187, "height": 3361, "position": [2.4611484748512664, 1.6374903559333274, -1.9821265191793038], "rotation": [[0.8033126873597801, 0.23637146601763173, -0.5466417989684688], [-0.293809274400253, 0.9556846221827656, -0.01852061553461891], [0.5180394160710216, 0.1754862757484468, 0.837161711033618]], "fy": 3852.356179237937, "fx": 3844.898776958602}, {"id": 9, "img_name": "DSC08028.JPG", "width": 5187, "height": 3361, "position": [-2.0337586154439613, 1.5961105689422386, -2.610066320444769], "rotation": [[0.8139984397526091, -0.18592353049320576, 0.5503080781610062], [0.2518135710186353, 0.9666878158227703, -0.045875834495346456], [-0.5234467169933927, 0.17591790002368618, 0.8337004419574788]], "fy": 3852.356179237937, "fx": 3844.898776958602}, {"id": 10, "img_name": "DSC08036.JPG", "width": 5187, "height": 3361, "position": [-2.5359961452137716, -0.965027376541663, 2.217053128170113], "rotation": [[-0.6221745754642246, -0.34611123858892406, 0.702214930180463], [0.3641615760402339, 0.6660710040292478, 0.6509498937148408], [-0.693026077562601, 0.6607241694640136, -0.28837203003114703]], "fy": 3852.356179237937, "fx": 3844.898776958602}, {"id": 11, "img_name": "DSC08044.JPG", "width": 5187, "height": 3361, "position": [3.0960292812529646, -0.9865959915653957, 2.2524852704875227], "rotation": [[-0.6779486348735319, 0.32545749909121835, -0.6591381226711163], [-0.35381401301957294, 0.6414978814831768, 0.6806585871371796], [0.6443611508029479, 0.6946638642810532, -0.3197511892050044]], "fy": 3852.356179237937, "fx": 3844.898776958602}, {"id": 12, "img_name": "DSC08052.JPG", "width": 5187, "height": 3361, "position": [1.7138388006271879, 1.6504310080684725, -2.5593552797433228], "rotation": [[0.9177003465922194, 0.2017564427263166, -0.34222859565346503], [-0.21313704649468446, 0.977012183225597, 0.004448959459824056], [0.3352591136360697, 0.06885878046534787, 0.9396061914849124]], "fy": 3852.356179237937, "fx": 3844.898776958602}, {"id": 13, "img_name": "DSC08060.JPG", "width": 5187, "height": 3361, "position": [-2.9437818969143037, 0.6461493070316482, -1.8255302341861859], "rotation": [[0.5458772156980146, -0.3529797437016748, 0.7598837844816029], [0.35948718144824304, 0.9178792436501306, 0.16812691768619967], [-0.7568269496761998, 0.18139182620108368, 0.6279410590423712]], "fy": 3852.356179237937, "fx": 3844.898776958602}, {"id": 14, "img_name": "DSC08068.JPG", "width": 5187, "height": 3361, "position": [-1.3543592060305787, -1.8492215878301888, 3.0381054886127083], "rotation": [[-0.8779304845150497, -0.2562701970358632, 0.404430031612848], [0.21787757229813393, 0.538330149131371, 0.8140823140356674], [-0.42634191425268153, 0.8028239138487316, -0.416780920273425]], "fy": 3852.356179237937, "fx": 3844.898776958602}, {"id": 15, "img_name": "DSC08076.JPG", "width": 5187, "height": 3361, "position": [3.6250135610410394, -0.7444772261273279, 1.000739275839893], "rotation": [[-0.2832491160172093, 0.48511973033257577, -0.8273021126030791], [-0.4651438954162098, 0.6848883656065287, 0.5608645854516503], [0.8386960682109477, 0.5436789253767949, 0.031656456981635224]], "fy": 3852.356179237937, "fx": 3844.898776958602}, {"id": 16, "img_name": "DSC08084.JPG", "width": 5187, "height": 3361, "position": [-0.3229460107503042, 1.0044398216389665, -3.2761388855372937], "rotation": [[0.9868600244736968, -0.046495586841086844, 0.15474318240257842], [0.0333859894413838, 0.9957126579484155, 0.08626516394421087], [-0.1580906948709965, -0.0799653875473928, 0.9841813191630903]], "fy": 3852.356179237937, "fx": 3844.898776958602}, {"id": 17, "img_name": "DSC08092.JPG", "width": 5187, "height": 3361, "position": [-3.0674297235830092, -0.8532869998534831, 0.4321151937707968], "rotation": [[-0.13859753799919927, -0.5412002206980591, 0.829393177918008], [0.4437293766284286, 0.7147734048450786, 0.5405582485201013], [-0.8853784291349697, 0.44294616020747446, 0.14108060242268497]], "fy": 3852.356179237937, "fx": 3844.898776958602}, {"id": 18, "img_name": "DSC08100.JPG", "width": 5187, "height": 3361, "position": [1.3282266137047825, -2.1377501292351324, 2.801298166909385], "rotation": [[-0.9421363297115162, 0.16538106765954638, -0.29159601968734256], [-0.20658114609186476, 0.398630012728969, 0.893542580424164], [0.2640139509894963, 0.9020771671046168, -0.3413992066063201]], "fy": 3852.356179237937, "fx": 3844.898776958602}, {"id": 19, "img_name": "DSC08108.JPG", "width": 5187, "height": 3361, "position": [3.031529505653127, -0.053791382104990126, -1.18015447121763], "rotation": [[0.43377239196056017, 0.5907858416468609, -0.6803040506144472], [-0.459672913068371, 0.794487779676682, 0.3968500736243523], [0.7749466594315069, 0.1405747390323958, 0.6161951134031508]], "fy": 3852.356179237937, "fx": 3844.898776958602}, {"id": 20, "img_name": "DSC08116.JPG", "width": 5187, "height": 3361, "position": [-1.6650141020692049, 0.579524520075829, -3.3299082940854325], "rotation": [[0.8507691396020528, -0.2988185629990098, 0.4323185602168727], [0.24895386291216032, 0.9536178263451276, 0.16921883883866876], [-0.4628324159368013, -0.03633879034861874, 0.8857006531972882]], "fy": 3852.356179237937, "fx": 3844.898776958602}, {"id": 21, "img_name": "DSC08124.JPG", "width": 5187, "height": 3361, "position": [-2.2984756861110545, -2.204422561193583, 1.8019589958829576], "rotation": [[-0.6573204024105817, -0.4779474603885056, 0.5826629503263172], [0.33963748648521797, 0.5023108796903472, 0.7951919000585412], [-0.6727378882958754, 0.7205900396570074, -0.16785031545492682]], "fy": 3852.356179237937, "fx": 3844.898776958602}, {"id": 22, "img_name": "DSC08132.JPG", "width": 5187, "height": 3361, "position": [3.5957288758021573, -1.6155347651511076, 0.8124792509142044], "rotation": [[-0.3389997098197343, 0.5724696678103722, -0.7465639129901862], [-0.4723810518159476, 0.5826895371368795, 0.6613085854549815], [0.8135940871389096, 0.576846065036671, 0.07289223980859207]], "fy": 3852.356179237937, "fx": 3844.898776958602}, {"id": 23, "img_name": "DSC08140.JPG", "width": 5187, "height": 3361, "position": [0.2590876889484415, 1.0667038238558155, -3.9908763840651322], "rotation": [[0.9995883138044336, 0.01434163849257928, 0.024849955954841827], [-0.014885650751784562, 0.9996505024299279, 0.021846976753976174], [-0.024527949512857895, -0.0222078904207727, 0.9994524447394951]], "fy": 3852.356179237937, "fx": 3844.898776958602}, {"id": 24, "img_name": "DSC07957.JPG", "width": 5187, "height": 3361, "position": [-0.4628175928298155, 2.9359356929730343, -3.119739095273051], "rotation": [[0.980588226011466, -0.02594514185459139, 0.19435426576700376], [0.07992926296206773, 0.9580056543857286, -0.27538423899583003], [-0.17904760241351078, 0.28557313560472886, 0.9414828412089393]], "fy": 3852.356179237937, "fx": 3844.898776958602}, {"id": 25, "img_name": "DSC07958.JPG", "width": 5187, "height": 3361, "position": [-1.1916220814195984, 2.825290951303814, -2.905461196236204], "rotation": [[0.9402466524023905, -0.05656847214483895, 0.33576217864032404], [0.1528384051519247, 0.9512953688672486, -0.2677266200480282], [-0.30426411973269935, 0.303046414152888, 0.9030981210878258]], "fy": 3852.356179237937, "fx": 3844.898776958602}, {"id": 26, "img_name": "DSC07959.JPG", "width": 5187, "height": 3361, "position": [-1.8738329883641662, 2.591260442540366, -2.5266940089006913], "rotation": [[0.8634548172747624, -0.08459594092417479, 0.49728191733076343], [0.22176010890461528, 0.9491202241176163, -0.22359171332931582], [-0.45306537345467024, 0.3033386341204814, 0.8382824347594916]], "fy": 3852.356179237937, "fx": 3844.898776958602}, {"id": 27, "img_name": "DSC07960.JPG", "width": 5187, "height": 3361, "position": [-2.4083746017810332, 2.4120876867894188, -2.1613769856273404], "rotation": [[0.7553772729326289, -0.11374692435558298, 0.6453423996116402], [0.30244951800774816, 0.9341655753861924, -0.18936463983612364], [-0.5813170086912522, 0.33822524294178474, 0.7400501472489721]], "fy": 3852.356179237937, "fx": 3844.898776958602}, {"id": 28, "img_name": "DSC07961.JPG", "width": 5187, "height": 3361, "position": [-2.9522982688998973, 2.0787977423966493, -1.5523613523257103], "rotation": [[0.638820977894432, -0.12162134648057801, 0.7596815163489584], [0.34328362479655466, 0.9287417903251161, -0.1399822840585068], [-0.6885231377002081, 0.35020984421336515, 0.6350503553794067]], "fy": 3852.356179237937, "fx": 3844.898776958602}, {"id": 29, "img_name": "DSC07962.JPG", "width": 5187, "height": 3361, "position": [-3.4166628460181556, 1.7659905606502875, -0.9752561451985032], "rotation": [[0.4717126755843022, -0.14330885340132268, 0.8700285766742933], [0.3995722037411191, 0.91432013899398, -0.06603587984947562], [-0.7860211229289988, 0.37878919726785637, 0.488558633474641]], "fy": 3852.356179237937, "fx": 3844.898776958602}, {"id": 30, "img_name": "DSC07963.JPG", "width": 5187, "height": 3361, "position": [-3.662063951762298, 1.36055354160916, -0.22807816223245672], "rotation": [[0.2842840325369683, -0.14993846184515225, 0.9469430006626742], [0.4482973503348655, 0.8938574852652601, 0.006948504731552789], [-0.8474739373734501, 0.42253668917003573, 0.32132642558302893]], "fy": 3852.356179237937, "fx": 3844.898776958602}, {"id": 31, "img_name": "DSC07965.JPG", "width": 5187, "height": 3361, "position": [-3.7346203373672955, 0.6555005536877769, 1.1100677762300204], "rotation": [[-0.07098976612073732, -0.16034399421725787, 0.9845050820714836], [0.4634058797166171, 0.8687144974784123, 0.1749002930669294], [-0.8832980492167922, 0.4686415745420861, 0.012634510695838258]], "fy": 3852.356179237937, "fx": 3844.898776958602}, {"id": 32, "img_name": "DSC07966.JPG", "width": 5187, "height": 3361, "position": [-3.538971221974743, 0.36462339080253936, 1.6378282621718099], "rotation": [[-0.2163016919441152, -0.15042541381794117, 0.9646687374118712], [0.45647271935509226, 0.8578349364630419, 0.2361183564825402], [-0.8630447465494936, 0.49141776184947766, -0.11688605046013781]], "fy": 3852.356179237937, "fx": 3844.898776958602}, {"id": 33, "img_name": "DSC07967.JPG", "width": 5187, "height": 3361, "position": [-3.3926089979415264, -0.00652434511866528, 2.266995305583914], "rotation": [[-0.43442592554427845, -0.14731120400529246, 0.8885794980695361], [0.4325769529426655, 0.8311907496049452, 0.34928372071141295], [-0.79003246452145, 0.5361169153698477, -0.2973673789380461]], "fy": 3852.356179237937, "fx": 3844.898776958602}, {"id": 34, "img_name": "DSC07968.JPG", "width": 5187, "height": 3361, "position": [-3.062113068061624, -0.3328721766836336, 2.864568300633558], "rotation": [[-0.5989403447145206, -0.12765593023616958, 0.7905532410589364], [0.3869598476738769, 0.8181660187025498, 0.4252839547039473], [-0.7010938166618366, 0.5606320801701927, -0.44063491795655674]], "fy": 3852.356179237937, "fx": 3844.898776958602}, {"id": 35, "img_name": "DSC07969.JPG", "width": 5187, "height": 3361, "position": [-2.4759616852749526, -0.5278415018304656, 3.253473466698903], "rotation": [[-0.7260783982129687, -0.12611338365977515, 0.6759479078378536], [0.3294015459738982, 0.799102267874691, 0.502921650943297], [-0.6035766572346011, 0.587818832583142, -0.5386689511212769]], "fy": 3852.356179237937, "fx": 3844.898776958602}, {"id": 36, "img_name": "DSC07970.JPG", "width": 5187, "height": 3361, "position": [-1.7551479287700151, -0.692269679575186, 3.5694774040980604], "rotation": [[-0.8540425398528033, -0.1054866421007125, 0.5093956305859805], [0.2497334154075659, 0.7758661796328058, 0.5793659400852511], [-0.4563382093915044, 0.6220162695945426, -0.6362791832278064]], "fy": 3852.356179237937, "fx": 3844.898776958602}, {"id": 37, "img_name": "DSC07971.JPG", "width": 5187, "height": 3361, "position": [-1.1683460623036033, -0.8217981131776968, 3.7371951855175025], "rotation": [[-0.9284014510241649, -0.04844196236621073, 0.3684075488074793], [0.18989031199544226, 0.7903705215109076, 0.582456958183907], [-0.319393824527805, 0.6107109095215891, -0.7245824796700612]], "fy": 3852.356179237937, "fx": 3844.898776958602}, {"id": 38, "img_name": "DSC07973.JPG", "width": 5187, "height": 3361, "position": [0.22123760903516101, -1.0323323544850362, 4.081562858076649], "rotation": [[-0.9990657965474656, -0.00428750192822089, 0.04300176154754795], [0.024184224383695538, 0.7691859106168719, 0.6385672699093278], [-0.03581420751511524, 0.6390106824112637, -0.768363644574855]], "fy": 3852.356179237937, "fx": 3844.898776958602}, {"id": 39, "img_name": "DSC07974.JPG", "width": 5187, "height": 3361, "position": [0.8911700109503228, -1.0185269621700856, 4.052108452453291], "rotation": [[-0.9897201929091481, 0.03297796382373997, -0.1391631907147822], [-0.06215428224552992, 0.7771751944796457, 0.6262072837999154], [0.12880522095948496, 0.628419581957441, -0.7671362617332161]], "fy": 3852.356179237937, "fx": 3844.898776958602}, {"id": 40, "img_name": "DSC07975.JPG", "width": 5187, "height": 3361, "position": [1.5227100503400297, -0.9077917783809627, 3.8508706902299026], "rotation": [[-0.947644757452405, 0.05946028247375066, -0.3137417544432268], [-0.1432132269774677, 0.7990204861250284, 0.5840002006602596], [0.2854109060489325, 0.5983566975982344, -0.7486720758433977]], "fy": 3852.356179237937, "fx": 3844.898776958602}, {"id": 41, "img_name": "DSC07976.JPG", "width": 5187, "height": 3361, "position": [2.1079671064509116, -0.6803459900618639, 3.4418202690873843], "rotation": [[-0.876630170435984, 0.09328962313062697, -0.4720345225696123], [-0.22963803058259544, 0.7809744169133211, 0.5808143722714211], [0.4228308399248134, 0.6175564802858468, -0.6632028908753581]], "fy": 3852.356179237937, "fx": 3844.898776958602}, {"id": 42, "img_name": "DSC07977.JPG", "width": 5187, "height": 3361, "position": [2.8986381686247475, -0.4584506500526407, 3.060263259624193], "rotation": [[-0.7452338156467186, 0.1432908318819929, -0.6512252279474426], [-0.30801617099760836, 0.792220532011522, 0.5267947105499003], [0.5913988488495766, 0.5931731333750268, -0.5462536365292664]], "fy": 3852.356179237937, "fx": 3844.898776958602}, {"id": 43, "img_name": "DSC07978.JPG", "width": 5187, "height": 3361, "position": [3.2842754659868323, -0.16869991253012073, 2.501008163490612], "rotation": [[-0.568018119589846, 0.18017875708151107, -0.8030510764043451], [-0.38344308493274143, 0.8054365758347651, 0.45193287435727786], [0.7282354127855073, 0.5646304435682958, -0.3884142707998661]], "fy": 3852.356179237937, "fx": 3844.898776958602}, {"id": 44, "img_name": "DSC07979.JPG", "width": 5187, "height": 3361, "position": [3.6538713214202496, 0.2400778685406349, 1.7951108750511462], "rotation": [[-0.3799981927876551, 0.18195662725174, -0.906914085940497], [-0.44209533666170747, 0.8254989644393752, 0.35086061764109466], [0.8124980534007987, 0.5342688887710852, -0.23324593825235646]], "fy": 3852.356179237937, "fx": 3844.898776958602}, {"id": 45, "img_name": "DSC07981.JPG", "width": 5187, "height": 3361, "position": [3.58742644253116, 0.8265403032341508, 0.5948060911176798], "rotation": [[-0.019972908062360642, 0.25617242503647497, -0.9664247366424681], [-0.4811940660336907, 0.844836609847095, 0.23388752313031008], [0.8763865321634606, 0.469709262536943, 0.10639480687281981]], "fy": 3852.356179237937, "fx": 3844.898776958602}, {"id": 46, "img_name": "DSC07982.JPG", "width": 5187, "height": 3361, "position": [3.5224691034480275, 1.1730210986742327, -0.08720786872436752], "rotation": [[0.2545884189307793, 0.2612541571208105, -0.9310912964545535], [-0.46062942816579455, 0.8793362113027602, 0.12078227270324401], [0.850297163851544, 0.39813828361362397, 0.34421016874464694]], "fy": 3852.356179237937, "fx": 3844.898776958602}, {"id": 47, "img_name": "DSC07983.JPG", "width": 5187, "height": 3361, "position": [3.3589166292863872, 1.5496459061718588, -0.7519064506072949], "rotation": [[0.4706244454824376, 0.20153309360622454, -0.8590093384217966], [-0.42819359175638716, 0.9034032477366845, -0.02264552842340191], [0.771468002766876, 0.3784798332280274, 0.5114588317221358]], "fy": 3852.356179237937, "fx": 3844.898776958602}, {"id": 48, "img_name": "DSC07984.JPG", "width": 5187, "height": 3361, "position": [3.0924933784503574, 1.9305824165890375, -1.401047607355062], "rotation": [[0.6575960899196381, 0.1651984187684926, -0.735035281438104], [-0.3779056092783996, 0.9163659513816038, -0.13213929629148918], [0.6517321021695376, 0.3646682404390024, 0.6650280756605673]], "fy": 3852.356179237937, "fx": 3844.898776958602}, {"id": 49, "img_name": "DSC07985.JPG", "width": 5187, "height": 3361, "position": [2.714777391750425, 2.2319503377905034, -1.9842851703516913], "rotation": [[0.7908790042278683, 0.1265818710057424, -0.598738198718122], [-0.3081243235155909, 0.9276794746786828, -0.21087957112518654], [0.5287436069869734, 0.3512660276664521, 0.7726851725494905]], "fy": 3852.356179237937, "fx": 3844.898776958602}, {"id": 50, "img_name": "DSC07986.JPG", "width": 5187, "height": 3361, "position": [2.348563093400602, 2.522550103328651, -2.5314749227487603], "rotation": [[0.8804804892705896, 0.09013201100825807, -0.46543563314966574], [-0.23824530935743182, 0.9329086377894912, -0.27003823082470696], [0.409869833707001, 0.34865125000401664, 0.8428813826913203]], "fy": 3852.356179237937, "fx": 3844.898776958602}, {"id": 51, "img_name": "DSC07987.JPG", "width": 5187, "height": 3361, "position": [1.8495075905732354, 2.7624070037815525, -2.9836502187628877], "rotation": [[0.9402184219854267, 0.06122491466239893, -0.33502362421748116], [-0.17766392960493055, 0.9274258943189466, -0.3291150842244036], [0.2905595413621248, 0.3689616787300329, 0.8828603697936315]], "fy": 3852.356179237937, "fx": 3844.898776958602}, {"id": 52, "img_name": "DSC07989.JPG", "width": 5187, "height": 3361, "position": [0.04734737765764305, 2.577172565474729, -3.578003390957133], "rotation": [[0.9987405523160202, -0.010032315385694109, 0.049159554590058024], [0.019423063556835363, 0.9807174559976296, -0.19446340556414365], [-0.04626071509994266, 0.19517331823161546, 0.9796771519683933]], "fy": 3852.356179237937, "fx": 3844.898776958602}, {"id": 53, "img_name": "DSC07990.JPG", "width": 5187, "height": 3361, "position": [-0.7512165799025873, 2.5126206229499, -3.386552150239586], "rotation": [[0.9643722717051838, -0.07312826250025747, 0.25424078899711705], [0.1198291511507456, 0.9775423166674384, -0.17335510854586714], [-0.23585397198409633, 0.19764431777349697, 0.9514776022330604]], "fy": 3852.356179237937, "fx": 3844.898776958602}, {"id": 54, "img_name": "DSC07991.JPG", "width": 5187, "height": 3361, "position": [-1.3387749915794134, 2.4083596570692998, -3.181125249456954], "rotation": [[0.9230566511110677, -0.0784499566406358, 0.37657937163724553], [0.15367027333668018, 0.9726743065117243, -0.17404062900531678], [-0.3526355993547026, 0.21851841513936224, 0.90988891427071]], "fy": 3852.356179237937, "fx": 3844.898776958602}, {"id": 55, "img_name": "DSC07992.JPG", "width": 5187, "height": 3361, "position": [-1.9120608977053795, 2.18065306240479, -2.798672661130835], "rotation": [[0.8569539286415658, -0.12816947832679684, 0.49920191206687337], [0.2305704864705119, 0.9615923665658134, -0.14892068805612463], [-0.4609416611183428, 0.24271939639796986, 0.853592455248796]], "fy": 3852.356179237937, "fx": 3844.898776958602}, {"id": 56, "img_name": "DSC07993.JPG", "width": 5187, "height": 3361, "position": [-2.3550967411344303, 1.9710725823717072, -2.387824438105322], "rotation": [[0.7758061707954225, -0.16233342161099154, 0.609731617667816], [0.2757758724443019, 0.9563896137989244, -0.09626304999909589], [-0.5675142760612527, 0.24283073702810434, 0.7867406050414963]], "fy": 3852.356179237937, "fx": 3844.898776958602}, {"id": 57, "img_name": "DSC07994.JPG", "width": 5187, "height": 3361, "position": [-2.74639071330366, 1.735943692538222, -1.9422168011838035], "rotation": [[0.6694825294717979, -0.1948007498142666, 0.7168303917970016], [0.3387434424223502, 0.9388846981872755, -0.06122420865674616], [-0.6610945643006749, 0.283810132626706, 0.6945543792033223]], "fy": 3852.356179237937, "fx": 3844.898776958602}, {"id": 58, "img_name": "DSC07995.JPG", "width": 5187, "height": 3361, "position": [-3.109037915040423, 1.4601884025582974, -1.4346016867674323], "rotation": [[0.5324473426557965, -0.22370885466114382, 0.8163664469127695], [0.39114464753285133, 0.9203246010809288, -0.002914335538425634], [-0.7506701619254506, 0.32086909634838356, 0.5775269093327076]], "fy": 3852.356179237937, "fx": 3844.898776958602}, {"id": 59, "img_name": "DSC07997.JPG", "width": 5187, "height": 3361, "position": [-3.550024799547984, 0.8536478316675976, -0.2764983383512144], "rotation": [[0.12333117595748368, -0.2623130679765575, 0.957069106912176], [0.42680389379101696, 0.8846978926207973, 0.18747819883161526], [-0.8958950034919106, 0.38535891472891376, 0.22106707026869302]], "fy": 3852.356179237937, "fx": 3844.898776958602}, {"id": 60, "img_name": "DSC07998.JPG", "width": 5187, "height": 3361, "position": [-3.5395726189197023, 0.5628352494473818, 0.31100382179803593], "rotation": [[0.0590081835997579, -0.3140690247338869, 0.9475646056976599], [0.48010170828617965, 0.8411595311966363, 0.24890358128750797], [-0.8752259045349087, 0.4402400376837163, 0.200420371348051]], "fy": 3852.356179237937, "fx": 3844.898776958602}, {"id": 61, "img_name": "DSC07999.JPG", "width": 5187, "height": 3361, "position": [-3.5407456697561925, 0.25092533885269386, 0.8439513631115529], "rotation": [[-0.10254371270422998, -0.3116639363630828, 0.9446429895762208], [0.47476957487146115, 0.8191679544189278, 0.3218038427823402], [-0.8741159178056443, 0.4814867113677982, 0.06396803119542069]], "fy": 3852.356179237937, "fx": 3844.898776958602}, {"id": 62, "img_name": "DSC08000.JPG", "width": 5187, "height": 3361, "position": [-3.3357549237411224, -0.05476850259630791, 1.4019020131956235], "rotation": [[-0.30964850504267866, -0.32773400486673293, 0.8925851362076597], [0.4515555774234666, 0.7754302075620837, 0.441367821321382], [-0.8367887211372975, 0.5397206826259634, -0.09212068672763037]], "fy": 3852.356179237937, "fx": 3844.898776958602}, {"id": 63, "img_name": "DSC08001.JPG", "width": 5187, "height": 3361, "position": [-3.117483218497094, -0.31662390147100306, 1.8556302177766417], "rotation": [[-0.4408922484968415, -0.3123704757463247, 0.8414503616360345], [0.4140029145901609, 0.761027147092503, 0.49943895332572674], [-0.79637655159243, 0.5685616653189522, -0.20620868265785644]], "fy": 3852.356179237937, "fx": 3844.898776958602}, {"id": 64, "img_name": "DSC08002.JPG", "width": 5187, "height": 3361, "position": [-2.725336184130648, -0.5452102015278687, 2.274314301155333], "rotation": [[-0.5642658732600656, -0.2993938586255529, 0.7693941393663962], [0.37590455630038233, 0.736555760198231, 0.5623000770686581], [-0.735050874992111, 0.6065055065999884, -0.3030697636472884]], "fy": 3852.356179237937, "fx": 3844.898776958602}, {"id": 65, "img_name": "DSC08003.JPG", "width": 5187, "height": 3361, "position": [-2.258828090279286, -0.7740313755414173, 2.680313612605364], "rotation": [[-0.6871811134049565, -0.2752893538694433, 0.6723078826145562], [0.32144834029928915, 0.7146878384447357, 0.6212022682653565], [-0.6515006384481569, 0.6429907193928507, -0.4026286786560387]], "fy": 3852.356179237937, "fx": 3844.898776958602}, {"id": 66, "img_name": "DSC08005.JPG", "width": 5187, "height": 3361, "position": [-1.3416079259988964, -1.1030933658945252, 3.262491947779098], "rotation": [[-0.8732070733499013, -0.18268906489798645, 0.4518120323966582], [0.2196505712304669, 0.6800494566692729, 0.6994900735835757], [-0.4350437145963945, 0.7100404509959457, -0.5536962383289638]], "fy": 3852.356179237937, "fx": 3844.898776958602}, {"id": 67, "img_name": "DSC08006.JPG", "width": 5187, "height": 3361, "position": [-0.7241290136987599, -1.2206383431728194, 3.4390193126544], "rotation": [[-0.948121948498619, -0.11041084289216044, 0.2981177897191394], [0.15289044069390084, 0.663819310055062, 0.7320986523293471], [-0.27872797477039707, 0.7396981609885643, -0.6125008952732469]], "fy": 3852.356179237937, "fx": 3844.898776958602}, {"id": 68, "img_name": "DSC08007.JPG", "width": 5187, "height": 3361, "position": [-0.1452512858768569, -1.279617085312118, 3.5498185899515646], "rotation": [[-0.9866905641784744, -0.05448321732778832, 0.15321001791911695], [0.08186992188239547, 0.6476195548921493, 0.7575527889277849], [-0.1404957168462214, 0.7600134809007715, -0.6345395672430195]], "fy": 3852.356179237937, "fx": 3844.898776958602}, {"id": 69, "img_name": "DSC08008.JPG", "width": 5187, "height": 3361, "position": [0.49426757519464526, -1.3360931803935774, 3.6280779314990297], "rotation": [[-0.9998155736997032, 0.004471745200641048, -0.01867677922966532], [-0.011440565698829242, 0.6424305256683872, 0.7662585289221455], [0.015425045997464177, 0.766330883616405, -0.6422608852885839]], "fy": 3852.356179237937, "fx": 3844.898776958602}, {"id": 70, "img_name": "DSC08009.JPG", "width": 5187, "height": 3361, "position": [1.1177976340703604, -1.335460730517384, 3.615715134868548], "rotation": [[-0.9812149198178072, 0.06597212953382509, -0.18128695278951065], [-0.0942481751583574, 0.6560084625952983, 0.7488458976870158], [0.16832873375111468, 0.7518647319352898, -0.6374675382053749]], "fy": 3852.356179237937, "fx": 3844.898776958602}, {"id": 71, "img_name": "DSC08010.JPG", "width": 5187, "height": 3361, "position": [1.7845498323116804, -1.2772189714529933, 3.469689199959549], "rotation": [[-0.9405494931430018, 0.12291425531410322, -0.316636600520252], [-0.16397519130526436, 0.6520784147621029, 0.7402066452266858], [0.2974538410994959, 0.748121532133598, -0.5931571339647138]], "fy": 3852.356179237937, "fx": 3844.898776958602}, {"id": 72, "img_name": "DSC08011.JPG", "width": 5187, "height": 3361, "position": [2.3117360794790676, -1.1035931801780017, 3.14200406568812], "rotation": [[-0.8597317170054165, 0.16459034530887082, -0.4834991137592959], [-0.26388742029274764, 0.6673643151645603, 0.6964110138820149], [0.437292584188386, 0.7263159705500383, -0.5303209469159209]], "fy": 3852.356179237937, "fx": 3844.898776958602}, {"id": 73, "img_name": "DSC08013.JPG", "width": 5187, "height": 3361, "position": [3.394353330709227, -0.6392560644188006, 2.2785622986347867], "rotation": [[-0.5941977354681244, 0.27475182198043285, -0.755936827706512], [-0.40489129294669945, 0.709903034868848, 0.5762818077815308], [0.6949763248201356, 0.6484975847313789, -0.3105781552798994]], "fy": 3852.356179237937, "fx": 3844.898776958602}, {"id": 74, "img_name": "DSC08014.JPG", "width": 5187, "height": 3361, "position": [3.6684659075929553, -0.22678827879259095, 1.571302185926468], "rotation": [[-0.3829261705893621, 0.3329554864126343, -0.8616891504164902], [-0.4483879157056793, 0.7485452126713925, 0.48849599961090373], [0.8076607115162179, 0.5734289046206736, -0.13734433522592426]], "fy": 3852.356179237937, "fx": 3844.898776958602}, {"id": 75, "img_name": "DSC08015.JPG", "width": 5187, "height": 3361, "position": [3.781990163677349, -0.016925074333731818, 0.9621526810134365], "rotation": [[-0.17215139435758456, 0.3991465550956727, -0.900580881973405], [-0.4686851087635614, 0.7709311872565742, 0.4312764465380153], [0.8664283964898816, 0.4963336902431932, 0.054357167747648975]], "fy": 3852.356179237937, "fx": 3844.898776958602}, {"id": 76, "img_name": "DSC08016.JPG", "width": 5187, "height": 3361, "position": [3.5566232868998875, 0.28744453204061227, 0.4061430394476484], "rotation": [[-0.017654548428292827, 0.43406822483242175, -0.9007069962593958], [-0.47676775905837165, 0.7881801946485611, 0.3891843839187471], [0.8788519902931617, 0.43629893072821807, 0.19303476941515485]], "fy": 3852.356179237937, "fx": 3844.898776958602}, {"id": 77, "img_name": "DSC08017.JPG", "width": 5187, "height": 3361, "position": [3.4417406841636105, 0.6581285476061756, -0.23515639693838253], "rotation": [[0.24241082599047742, 0.43416009596652566, -0.8676070553614419], [-0.4813087594086666, 0.8302874363398135, 0.28100649667356564], [0.8423650453093986, 0.34946785850289247, 0.4102357204270461]], "fy": 3852.356179237937, "fx": 3844.898776958602}, {"id": 78, "img_name": "DSC08018.JPG", "width": 5187, "height": 3361, "position": [3.2007539697016614, 1.081806016680443, -0.973229626419032], "rotation": [[0.48349728874114695, 0.370780601680164, -0.7929389113908181], [-0.4322777512430156, 0.8888310542853565, 0.15203717544818807], [0.7611611639858155, 0.2692602873720465, 0.5900276095947387]], "fy": 3852.356179237937, "fx": 3844.898776958602}, {"id": 79, "img_name": "DSC08019.JPG", "width": 5187, "height": 3361, "position": [2.8799551293698427, 1.4051667504042293, -1.5557170579985309], "rotation": [[0.6740562053128041, 0.29105789013241967, -0.678920861861651], [-0.3541067962341471, 0.9339302480027135, 0.04881258778612538], [0.648272017705601, 0.20750806359574145, 0.7325870559890166]], "fy": 3852.356179237937, "fx": 3844.898776958602}, {"id": 80, "img_name": "DSC08021.JPG", "width": 5187, "height": 3361, "position": [2.039305828310367, 1.882145464815421, -2.462536555584825], "rotation": [[0.8857223542297042, 0.18467734784688625, -0.4258992702623834], [-0.2335449419029439, 0.9701703606527429, -0.06500947179048194], [0.40118907179700325, 0.15704696273142973, 0.9024320363149193]], "fy": 3852.356179237937, "fx": 3844.898776958602}, {"id": 81, "img_name": "DSC08022.JPG", "width": 5187, "height": 3361, "position": [1.4410152582952998, 2.096928436057742, -2.8137115682093006], "rotation": [[0.9610635936313455, 0.11665267912243533, -0.2504973481894811], [-0.14734705658473096, 0.9832322618938651, -0.10743911804780344], [0.23376401329593074, 0.14016587182560483, 0.9621371599014082]], "fy": 3852.356179237937, "fx": 3844.898776958602}, {"id": 82, "img_name": "DSC08023.JPG", "width": 5187, "height": 3361, "position": [0.7346415443613074, 2.2923547490988327, -3.230466848600776], "rotation": [[0.9963832025430145, 0.05096170553711607, -0.06799572235717813], [-0.06170931970810277, 0.9840715424557208, -0.1667188027487646], [0.05841638084723613, 0.17031178437667366, 0.9836571671833354]], "fy": 3852.356179237937, "fx": 3844.898776958602}, {"id": 83, "img_name": "DSC08024.JPG", "width": 5187, "height": 3361, "position": [-0.030220596838345656, 2.323093287248234, -3.294983405552554], "rotation": [[0.9954417059170229, -0.008971766443634056, 0.09494902594491496], [0.02433906214256138, 0.9864979079950544, -0.16195520237214248], [-0.09221399121081242, 0.16352793317431108, 0.9822195247991715]], "fy": 3852.356179237937, "fx": 3844.898776958602}, {"id": 84, "img_name": "DSC08025.JPG", "width": 5187, "height": 3361, "position": [-0.07432246859731324, 2.0257542597023726, -3.568316628547964], "rotation": [[0.9971562560225047, -0.015467034480591663, 0.07375752110501792], [0.02842436126902646, 0.98361730174396, -0.17801421122028316], [-0.06979582194966145, 0.17960449480541377, 0.9812597865418021]], "fy": 3852.356179237937, "fx": 3844.898776958602}, {"id": 85, "img_name": "DSC08026.JPG", "width": 5187, "height": 3361, "position": [-0.8172879077709803, 1.9479951179898543, -3.32584422543055], "rotation": [[0.9605803686991236, -0.0759712583837196, 0.26742049878318963], [0.12231720111066662, 0.9793204796340719, -0.16115179329360263], [-0.24964746660502793, 0.18750937594927197, 0.9500086190918512]], "fy": 3852.356179237937, "fx": 3844.898776958602}, {"id": 86, "img_name": "DSC08027.JPG", "width": 5187, "height": 3361, "position": [-1.4573246368086943, 1.7564267165717007, -3.004080745935331], "rotation": [[0.8963543280650793, -0.1377813252708201, 0.4213848893418184], [0.20271609597776466, 0.972675861297666, -0.11317178659178823], [-0.3942779514384919, 0.18686352039780268, 0.899792710436135]], "fy": 3852.356179237937, "fx": 3844.898776958602}, {"id": 87, "img_name": "DSC08029.JPG", "width": 5187, "height": 3361, "position": [-2.576025639575771, 1.2951237589382993, -2.048427825336565], "rotation": [[0.6669982550367043, -0.27855508910685245, 0.6910285016630393], [0.34554833802777374, 0.9373538914245956, 0.04431735909788561], [-0.6600830810316495, 0.20922414909336123, 0.7214676580221209]], "fy": 3852.356179237937, "fx": 3844.898776958602}, {"id": 88, "img_name": "DSC08030.JPG", "width": 5187, "height": 3361, "position": [-3.0354386965847353, 0.9570582984609287, -1.3906061946503203], "rotation": [[0.49127648181481126, -0.3434109581637937, 0.8004475824366554], [0.4056804120109894, 0.9034435664862072, 0.13861141902915525], [-0.7707598988830797, 0.2566293747561008, 0.5831556758585459]], "fy": 3852.356179237937, "fx": 3844.898776958602}, {"id": 89, "img_name": "DSC08031.JPG", "width": 5187, "height": 3361, "position": [-3.293869817570794, 0.6320202422723459, -0.7710995283140297], "rotation": [[0.32240058998064186, -0.3777343606836338, 0.8679715504203237], [0.4400959578145444, 0.871620995417251, 0.21585270038417165], [-0.8380772085526682, 0.3123997328852359, 0.44725048842656445]], "fy": 3852.356179237937, "fx": 3844.898776958602}, {"id": 90, "img_name": "DSC08032.JPG", "width": 5187, "height": 3361, "position": [-3.3988707968124645, 0.3226609762854507, -0.0991422107571642], "rotation": [[0.14111893366108824, -0.4051703623975272, 0.9032842431909316], [0.4736832063698708, 0.8288287503424385, 0.29777025138342894], [-0.8693156311521817, 0.38584955622683886, 0.3088858258224804]], "fy": 3852.356179237937, "fx": 3844.898776958602}, {"id": 91, "img_name": "DSC08033.JPG", "width": 5187, "height": 3361, "position": [-3.3944319985497957, -0.0833151106207272, 0.600532347508125], "rotation": [[-0.032437169182247254, -0.4129629547386895, 0.910169999543455], [0.48305608032779784, 0.7907494652047034, 0.3759948224867194], [-0.8749883732449169, 0.4518593600800659, 0.17383459205304078]], "fy": 3852.356179237937, "fx": 3844.898776958602}, {"id": 92, "img_name": "DSC08034.JPG", "width": 5187, "height": 3361, "position": [-3.2294100059786985, -0.37148262290884815, 1.1517728329318666], "rotation": [[-0.24090909889188217, -0.4112324377793616, 0.8791192684665398], [0.4677447064932521, 0.7444693673218384, 0.47642444381765614], [-0.8503985510445335, 0.5259783676516221, 0.013002351475498454]], "fy": 3852.356179237937, "fx": 3844.898776958602}, {"id": 93, "img_name": "DSC08035.JPG", "width": 5187, "height": 3361, "position": [-2.9900338745279056, -0.6976181552356364, 1.7337898783074213], "rotation": [[-0.43411823980802683, -0.39816699418478085, 0.808086875656224], [0.4301754386864826, 0.6965184885927636, 0.574291813453182], [-0.7915114944313018, 0.5969296774246603, -0.1310897188677215]], "fy": 3852.356179237937, "fx": 3844.898776958602}, {"id": 94, "img_name": "DSC08037.JPG", "width": 5187, "height": 3361, "position": [-2.0682977016226562, -1.1761912183855103, 2.6269278550416137], "rotation": [[-0.7540054518054287, -0.2832886862841672, 0.5926409527454897], [0.315375518632544, 0.6353057484920038, 0.7049289951337427], [-0.5762066130260438, 0.7184247533015587, -0.38968168156669797]], "fy": 3852.356179237937, "fx": 3844.898776958602}, {"id": 95, "img_name": "DSC08038.JPG", "width": 5187, "height": 3361, "position": [-1.3165256026842764, -1.3668903294070214, 2.9973599419541093], "rotation": [[-0.8674505625775075, -0.2259446693587926, 0.44325898510048417], [0.23024080449908874, 0.607482760686458, 0.7602327718616003], [-0.44104273424190726, 0.7615206509721881, -0.47493958006815634]], "fy": 3852.356179237937, "fx": 3844.898776958602}, {"id": 96, "img_name": "DSC08039.JPG", "width": 5187, "height": 3361, "position": [-0.6449358202919435, -1.5084890393630237, 3.2081562548240132], "rotation": [[-0.946914114493552, -0.14749951646202106, 0.28565285298130993], [0.15186866979294655, 0.5779138900616296, 0.8018425299328763], [-0.2833541369174145, 0.802657727999491, -0.5248342641010417]], "fy": 3852.356179237937, "fx": 3844.898776958602}, {"id": 97, "img_name": "DSC08040.JPG", "width": 5187, "height": 3361, "position": [0.18590857558869125, -1.601143211237388, 3.382377283196549], "rotation": [[-0.9917161597041401, -0.055787712801272905, 0.11570129507518452], [0.06253911038124954, 0.5770752115265021, 0.814292981619248], [-0.11219589232406912, 0.814783364669435, -0.5688058987067204]], "fy": 3852.356179237937, "fx": 3844.898776958602}, {"id": 98, "img_name": "DSC08041.JPG", "width": 5187, "height": 3361, "position": [1.0844569941721756, -1.5363299343249432, 3.2883122771799433], "rotation": [[-0.9868933211688398, 0.07610650511544774, -0.14230028992046595], [-0.07325606990246626, 0.5744257192120696, 0.8152721271637716], [0.14378845869812126, 0.8150109772185947, -0.561321642339229]], "fy": 3852.356179237937, "fx": 3844.898776958602}, {"id": 99, "img_name": "DSC08042.JPG", "width": 5187, "height": 3361, "position": [1.8230535447576786, -1.4772674186483865, 3.109977522326881], "rotation": [[-0.9332056491385362, 0.16361183776883856, -0.3199349667632886], [-0.16788337226262787, 0.588682257839