[{"id": 0, "img_name": "DSCF5857.JPG", "width": 3115, "height": 2076, "position": [2.8600304263520315, 1.521276234765579, -0.6913106580594985], "rotation": [[0.5403782468396565, 0.42227211353506117, -0.7277895385845631], [-0.4604541145220859, 0.8723524763255537, 0.16426553341573485], [0.7042537602045026, 0.2463481665840167, 0.6658372339081922]], "fy": 3192.689131824271, "fx": 3192.878062459705}, {"id": 1, "img_name": "DSCF5865.JPG", "width": 3115, "height": 2076, "position": [2.919437577944053, -0.04249971200095449, -1.012645209046632], "rotation": [[0.37118781220140923, 0.568755785650196, -0.7339866922244299], [-0.507191564335708, 0.7863105220591758, 0.3528065758538578], [0.7778022403797953, 0.24131435760943648, 0.5803370190430007]], "fy": 3192.689131824271, "fx": 3192.878062459705}, {"id": 2, "img_name": "DSCF5873.JPG", "width": 3115, "height": 2076, "position": [4.08823414477906, 0.6900042204416037, -0.03278651874245371], "rotation": [[0.1860656875552788, 0.34986356253433143, -0.9181367259430195], [-0.562343380192106, 0.8041896531416649, 0.19248097187515742], [0.8056981337130539, 0.4804940055720514, 0.3463755590982533]], "fy": 3192.689131824271, "fx": 3192.878062459705}, {"id": 3, "img_name": "DSCF5881.JPG", "width": 3115, "height": 2076, "position": [3.4083223868011143, -0.4403225743594227, 0.8160509483285638], "rotation": [[-0.22784377445211115, 0.5410113763532731, -0.8095640216188912], [-0.5491709329068855, 0.6151721637301405, 0.5656628814247568], [0.8040513048889335, 0.5734717949715701, 0.15694457454301783]], "fy": 3192.689131824271, "fx": 3192.878062459705}, {"id": 4, "img_name": "DSCF5889.JPG", "width": 3115, "height": 2076, "position": [3.2273058479152, -1.0338421045947035, 1.2060684600224727], "rotation": [[-0.43765808957403696, 0.2740311876819318, -0.8563657541074567], [-0.5747659216374887, 0.6471588720426381, 0.500828842680519], [0.691447418069235, 0.711401646409488, -0.12573052744364827]], "fy": 3192.689131824271, "fx": 3192.878062459705}, {"id": 5, "img_name": "DSCF5897.JPG", "width": 3115, "height": 2076, "position": [2.825748511094376, -0.6043235635704953, 2.8862493548023287], "rotation": [[-0.6046499857059288, 0.4610593537322406, -0.6494787657205038], [-0.4354293280667869, 0.4914420866434843, 0.7542453020966086], [0.66693305139656, 0.738856513682803, -0.09639168606973811]], "fy": 3192.689131824271, "fx": 3192.878062459705}, {"id": 6, "img_name": "DSCF5905.JPG", "width": 3115, "height": 2076, "position": [2.404566365054245, -1.512682370430049, 1.882218037209137], "rotation": [[-0.7203044675572101, 0.41889481498686126, -0.552891135753004], [-0.4453939650669828, 0.3317487098307518, 0.8316050801958479], [0.5317759771736917, 0.8452632297117596, -0.052386855204432474]], "fy": 3192.689131824271, "fx": 3192.878062459705}, {"id": 7, "img_name": "DSCF5913.JPG", "width": 3115, "height": 2076, "position": [1.7950820830227234, -1.8630553223342872, 2.9759338747108006], "rotation": [[-0.915864244946576, 0.11467516190020251, -0.3847626438099212], [-0.2983863964079685, 0.44677865589398663, 0.8434182776512668], [0.2686228643788623, 0.8872645827940642, -0.3749710880216903]], "fy": 3192.689131824271, "fx": 3192.878062459705}, {"id": 8, "img_name": "DSCF5921.JPG", "width": 3115, "height": 2076, "position": [0.8171886744097858, -1.9426559953934532, 4.075965155031421], "rotation": [[-0.9953662237688627, -0.01054564534950833, -0.09557651355995392], [-0.09600214167116883, 0.16529325353518706, 0.9815608636912441], [0.005446960130429746, 0.9861880802868765, -0.1655397261246456]], "fy": 3192.689131824271, "fx": 3192.878062459705}, {"id": 9, "img_name": "DSCF5929.JPG", "width": 3115, "height": 2076, "position": [0.25317574479203747, -2.8882312785311735, 2.793352587201471], "rotation": [[-0.9358774117235655, -0.2865513656928715, 0.20499215849673266], [0.08560328783744711, 0.37945435420745605, 0.9212418087475304], [-0.34176826554994616, 0.8797174022903905, -0.3305930198452903]], "fy": 3192.689131824271, "fx": 3192.878062459705}, {"id": 10, "img_name": "DSCF5937.JPG", "width": 3115, "height": 2076, "position": [-1.169883472196816, -2.2853449116432762, 3.320421377923876], "rotation": [[-0.8221495734574612, -0.3685007127735203, 0.4339093264140816], [0.25072979912570753, 0.4499070058242094, 0.8571570765855445], [-0.5110818395267992, 0.8135053231514238, -0.27749674324251233]], "fy": 3192.689131824271, "fx": 3192.878062459705}, {"id": 11, "img_name": "DSCF5945.JPG", "width": 3115, "height": 2076, "position": [-2.3436303977479698, -1.3636136811728552, 3.7804676327648323], "rotation": [[-0.7261755538614495, -0.3804249829155009, 0.5726656069188701], [0.3521350179272536, 0.5095955363662398, 0.7850562517838939], [-0.5904828482889151, 0.7717442722102607, -0.23609486268715144]], "fy": 3192.689131824271, "fx": 3192.878062459705}, {"id": 12, "img_name": "DSCF5953.JPG", "width": 3115, "height": 2076, "position": [-2.0988901302896803, -2.276192462782724, 2.3954605859329487], "rotation": [[-0.6552121393855342, -0.5244283289472783, 0.5437572805943808], [0.3677636596040596, 0.40730684178979026, 0.8359731020229395], [-0.6598840375978648, 0.7477138920929527, -0.0740067057417612]], "fy": 3192.689131824271, "fx": 3192.878062459705}, {"id": 13, "img_name": "DSCF5961.JPG", "width": 3115, "height": 2076, "position": [-2.909405602393553, -1.884041621782424, 1.5217884840333222], "rotation": [[-0.3804323333109591, -0.5841557484258526, 0.7169611574922394], [0.3986199702593791, 0.5959639455956978, 0.6970861459392375], [-0.8344898795563617, 0.5509891442950944, 0.0061321926721819905]], "fy": 3192.689131824271, "fx": 3192.878062459705}, {"id": 14, "img_name": "DSCF5969.JPG", "width": 3115, "height": 2076, "position": [-3.7865676314699335, -0.6808360740064707, 2.083981877425971], "rotation": [[-0.3517682993936164, -0.4430898913664961, 0.8245789299457932], [0.5310505480051043, 0.6309469940779688, 0.5655892556683286], [-0.7708724790814633, 0.6368494632429254, 0.013355978511378732]], "fy": 3192.689131824271, "fx": 3192.878062459705}, {"id": 15, "img_name": "DSCF5977.JPG", "width": 3115, "height": 2076, "position": [-4.208390013135253, -1.0798364617503562, 0.9286227013066547], "rotation": [[-0.1459174866101743, -0.5585403661679391, 0.8165419440924965], [0.5245289400013587, 0.6561322873517562, 0.5425493642016392], [-0.8387952540414257, 0.5074673199877375, 0.19722941195988705]], "fy": 3192.689131824271, "fx": 3192.878062459705}, {"id": 16, "img_name": "DSCF5985.JPG", "width": 3115, "height": 2076, "position": [-3.7064657057132666, -0.7648120008870041, -0.3993005606649924], "rotation": [[0.25169013702482085, -0.5053677479119426, 0.825382041417693], [0.45844974690157947, 0.8133387982370812, 0.3581952384498406], [-0.8523355586213124, 0.2882419793379716, 0.43639506969834535]], "fy": 3192.689131824271, "fx": 3192.878062459705}, {"id": 17, "img_name": "DSCF5993.JPG", "width": 3115, "height": 2076, "position": [-3.8852868995332717, 0.9414343373443971, -0.24694332816694126], "rotation": [[0.3027067086786716, -0.4090514039766555, 0.8608400533349111], [0.6196040189745782, 0.7707638375373216, 0.1483710430484738], [-0.7241957664827078, 0.48846704663617607, 0.4867652783005946]], "fy": 3192.689131824271, "fx": 3192.878062459705}, {"id": 18, "img_name": "DSCF6001.JPG", "width": 3115, "height": 2076, "position": [-3.2636037217349436, 0.3807336659336921, -0.6665276795861289], "rotation": [[0.3741017392296914, -0.5848637661084742, 0.7197098469513473], [0.5112187581511827, 0.7775567320591883, 0.36614329127241757], [-0.7737591808952462, 0.23095433211535074, 0.5898786540106955]], "fy": 3192.689131824271, "fx": 3192.878062459705}, {"id": 19, "img_name": "DSCF6009.JPG", "width": 3115, "height": 2076, "position": [-2.112065957654701, -0.03755974742996753, -1.6902061697098851], "rotation": [[0.7829920958828471, -0.40941256457539144, 0.46829982890535765], [0.35144201422074794, 0.9123493479921201, 0.21001708944468547], [-0.5132366787608325, 0.00013851409422085248, 0.8582471045033566]], "fy": 3192.689131824271, "fx": 3192.878062459705}, {"id": 20, "img_name": "DSCF6017.JPG", "width": 3115, "height": 2076, "position": [-2.227220030495926, 1.5821687392872192, -1.5050589738756048], "rotation": [[0.8032966589683577, -0.317123589692903, 0.504130049243805], [0.3816263007828128, 0.9239252157224477, -0.026899113425069128], [-0.4572481210908362, 0.21399725374993941, 0.8632087413519304]], "fy": 3192.689131824271, "fx": 3192.878062459705}, {"id": 21, "img_name": "DSCF6025.JPG", "width": 3115, "height": 2076, "position": [-1.6974417136847983, 1.9624287465578858, -1.8914194392059516], "rotation": [[0.9409575576700963, -0.18798173295577184, 0.281534620852343], [0.190499187195803, 0.9815099342715325, 0.018663027729448882], [-0.2798373355027274, 0.03607099944881842, 0.959369557916811]], "fy": 3192.689131824271, "fx": 3192.878062459705}, {"id": 22, "img_name": "DSCF6033.JPG", "width": 3115, "height": 2076, "position": [-0.7896864195500648, 0.6366522474789158, -2.5406453347284796], "rotation": [[0.9935827195492679, -0.08577425458278991, 0.07373029678393735], [0.07525777146187934, 0.9879592248588897, 0.13517706111176386], [-0.08443723851282842, -0.12876081417492183, 0.988074392687787]], "fy": 3192.689131824271, "fx": 3192.878062459705}, {"id": 23, "img_name": "DSCF6041.JPG", "width": 3115, "height": 2076, "position": [-0.2554393033026285, 1.9511724835703015, -2.526606582732054], "rotation": [[0.9978913830019553, -0.064444849296583, -0.0077232848960461665], [0.06172255122616122, 0.9790141815792084, -0.19422038754190185], [0.02007770904706752, 0.19333415028373374, 0.9809275161465745]], "fy": 3192.689131824271, "fx": 3192.878062459705}, {"id": 24, "img_name": "DSCF6049.JPG", "width": 3115, "height": 2076, "position": [0.3979348402512961, 2.6854654340357658, -2.356298361245591], "rotation": [[0.9849453861228038, 0.0036250839374054695, -0.1728277903632624], [-0.043971730721344096, 0.9721484689403793, -0.23020391229135487], [0.16717976328721906, 0.2343378183378068, 0.9576725503239123]], "fy": 3192.689131824271, "fx": 3192.878062459705}, {"id": 25, "img_name": "DSCF6057.JPG", "width": 3115, "height": 2076, "position": [0.7385842757674717, 1.3306550993004824, -2.827650742030753], "rotation": [[0.9598304278957432, 0.16662532064072183, -0.2257466549184083], [-0.18053045595720307, 0.9826606424714577, -0.04227074886332377], [0.21478897587483084, 0.0813268975121912, 0.9732685300489701]], "fy": 3192.689131824271, "fx": 3192.878062459705}, {"id": 26, "img_name": "DSCF6065.JPG", "width": 3115, "height": 2076, "position": [1.4841551135380318, 1.5987178649512022, -2.404960737506261], "rotation": [[0.8799730935713337, 0.26267577712599083, -0.39578882083979255], [-0.3301523676241224, 0.9372590384592218, -0.11200405786703127], [0.3415358967117263, 0.2292311735732113, 0.9114857652863073]], "fy": 3192.689131824271, "fx": 3192.878062459705}, {"id": 27, "img_name": "DSCF6073.JPG", "width": 3115, "height": 2076, "position": [2.411857818652536, 1.8150820178928762, -1.8647959857152272], "rotation": [[0.8788449928858685, 0.17050172268266933, -0.4456014374322415], [-0.2200986848630264, 0.9735314317404036, -0.06158831329924576], [0.42330609185435053, 0.15220287111523878, 0.8931104291314004]], "fy": 3192.689131824271, "fx": 3192.878062459705}, {"id": 28, "img_name": "DSCF6081.JPG", "width": 3115, "height": 2076, "position": [2.6980804265642613, 0.8910213043364545, -1.8007279727960064], "rotation": [[0.668146422503649, 0.5182375762496616, -0.5338634400841206], [-0.5323814356743516, 0.8342464623946166, 0.14353691835685878], [0.5197599109636021, 0.1883153061886988, 0.8332988541994794]], "fy": 3192.689131824271, "fx": 3192.878062459705}, {"id": 29, "img_name": "DSCF6089.JPG", "width": 3115, "height": 2076, "position": [2.679701278571612, 1.9123093534937514, -1.727128004863863], "rotation": [[0.7826994998902731, 0.3717843658399806, -0.49915716782240027], [-0.3675998944432485, 0.9233016293202044, 0.11128530406108415], [0.5022467625349406, 0.09638717036835764, 0.8593356171552256]], "fy": 3192.689131824271, "fx": 3192.878062459705}, {"id": 30, "img_name": "DSCF5858.JPG", "width": 3115, "height": 2076, "position": [2.8680127136240077, 1.436676882560016, -0.72609386358098], "rotation": [[0.532508033579105, 0.4455168445080691, -0.7196873872962396], [-0.4812669913850908, 0.8588163406272676, 0.17554650687134626], [0.6962882141590923, 0.2528818584461165, 0.6717391521208069]], "fy": 3192.689131824271, "fx": 3192.878062459705}, {"id": 31, "img_name": "DSCF5859.JPG", "width": 3115, "height": 2076, "position": [2.8768604762574643, 1.2367609830375117, -0.8065076999743059], "rotation": [[0.5280570895965925, 0.44523081310146295, -0.7231356948676968], [-0.4625796937612804, 0.8649257438317492, 0.19473953008265962], [0.712162718096431, 0.23167429879489249, 0.662684904182522]], "fy": 3192.689131824271, "fx": 3192.878062459705}, {"id": 32, "img_name": "DSCF5860.JPG", "width": 3115, "height": 2076, "position": [2.8555186432407322, 1.069195862470033, -0.8843273411750909], "rotation": [[0.517922317159012, 0.4725834089767599, -0.7130367416539939], [-0.45146681200095073, 0.8590120499183596, 0.24140425795075773], [0.7265908002791793, 0.19688377194416587, 0.6582572364165088]], "fy": 3192.689131824271, "fx": 3192.878062459705}, {"id": 33, "img_name": "DSCF5861.JPG", "width": 3115, "height": 2076, "position": [2.837106056084107, 0.8485246953375369, -0.9475845990601681], "rotation": [[0.509847824318574, 0.4647725808394407, -0.7239072068555901], [-0.4385693902167019, 0.8643557982561662, 0.2460608542330451], [0.7400757299105051, 0.1920299511034442, 0.6445249505462469]], "fy": 3192.689131824271, "fx": 3192.878062459705}, {"id": 34, "img_name": "DSCF5862.JPG", "width": 3115, "height": 2076, "position": [2.838766128901395, 0.6306994089504881, -0.9807442069263382], "rotation": [[0.4969163493869039, 0.4726389989566082, -0.7277956570200785], [-0.4327441832792893, 0.8619123928383341, 0.26427163848895735], [0.7522011789075668, 0.18362843934693926, 0.6328301373299743]], "fy": 3192.689131824271, "fx": 3192.878062459705}, {"id": 35, "img_name": "DSCF5863.JPG", "width": 3115, "height": 2076, "position": [2.861016688141786, 0.40368710861260765, -1.035764567364227], "rotation": [[0.45608128632928213, 0.4994282840444401, -0.7365875707318534], [-0.4402725009577396, 0.8459239686994037, 0.3009530928238938], [0.7734015678550468, 0.18704017824060182, 0.6056946314464735]], "fy": 3192.689131824271, "fx": 3192.878062459705}, {"id": 36, "img_name": "DSCF5864.JPG", "width": 3115, "height": 2076, "position": [2.8753030172602694, 0.17813729385839563, -1.0563722170882968], "rotation": [[0.42735372747699907, 0.5429659867924445, -0.7228808538051216], [-0.46879314963812385, 0.8167659580631869, 0.3363426119323746], [0.7730470713118848, 0.1951443233497491, 0.6035867117494274]], "fy": 3192.689131824271, "fx": 3192.878062459705}, {"id": 37, "img_name": "DSCF5866.JPG", "width": 3115, "height": 2076, "position": [3.052854111476144, -0.027932631594472013, -0.8051692567676269], "rotation": [[0.34226397499020217, 0.5469263108079159, -0.7640202758892913], [-0.4938111503900636, 0.7964831488772889, 0.3489486227297082], [0.7993784580374602, 0.2578491886753986, 0.5426857992661046]], "fy": 3192.689131824271, "fx": 3192.878062459705}, {"id": 38, "img_name": "DSCF5867.JPG", "width": 3115, "height": 2076, "position": [3.2068265042816386, 0.06930762641711458, -0.6468113944245611], "rotation": [[0.31514052149405264, 0.5323085598381481, -0.7857060829823663], [-0.510564364257583, 0.7929709656146835, 0.3324471050293062], [0.8000065510123692, 0.29638597270308414, 0.5216750650760876]], "fy": 3192.689131824271, "fx": 3192.878062459705}, {"id": 39, "img_name": "DSCF5868.JPG", "width": 3115, "height": 2076, "position": [3.3744029646588936, 0.1465492654450056, -0.5680704820123885], "rotation": [[0.28845808149861246, 0.46938649509799196, -0.8345467353226916], [-0.5197614254028882, 0.8087621821924896, 0.27523043675872805], [0.8041392888556671, 0.354372756959201, 0.477262981220875]], "fy": 3192.689131824271, "fx": 3192.878062459705}, {"id": 40, "img_name": "DSCF5869.JPG", "width": 3115, "height": 2076, "position": [3.5536939998547434, 0.24791298686466848, -0.49903100061245664], "rotation": [[0.26530659057787204, 0.4238527887277109, -0.8660030175950242], [-0.5144977422278684, 0.8218577060893949, 0.24462621319863403], [0.8154167561672809, 0.3806556507254558, 0.43611556878012125]], "fy": 3192.689131824271, "fx": 3192.878062459705}, {"id": 41, "img_name": "DSCF5870.JPG", "width": 3115, "height": 2076, "position": [3.721990454250686, 0.3491280124961082, -0.43504603786926227], "rotation": [[0.24539873094024695, 0.3939130820800628, -0.8857832390709941], [-0.5250226264550784, 0.8221224688598424, 0.22014969431277562], [0.8149421479854427, 0.4110317870457016, 0.4085610914843575]], "fy": 3192.689131824271, "fx": 3192.878062459705}, {"id": 42, "img_name": "DSCF5871.JPG", "width": 3115, "height": 2076, "position": [3.8800663693104367, 0.47469008153089115, -0.3455439374609134], "rotation": [[0.22682745336897217, 0.39243915532426227, -0.8913701900818346], [-0.5399525177243, 0.8123664271069, 0.22025454981171025], [0.8105557260308115, 0.4313377997323549, 0.3961655178340421]], "fy": 3192.689131824271, "fx": 3192.878062459705}, {"id": 43, "img_name": "DSCF5872.JPG", "width": 3115, "height": 2076, "position": [3.994864789867103, 0.5803945323438086, -0.2132709728732928], "rotation": [[0.2049751615817007, 0.3736109246000375, -0.9046546634788664], [-0.5567485849109636, 0.8046871828592903, 0.2061784444155559], [0.8049945318660215, 0.46140374376622056, 0.37294823890765416]], "fy": 3192.689131824271, "fx": 3192.878062459705}, {"id": 44, "img_name": "DSCF5874.JPG", "width": 3115, "height": 2076, "position": [4.1614511310367766, 0.8216348146841579, 0.19325679764424178], "rotation": [[0.12830317075247172, 0.36113259530973707, -0.9236457897807555], [-0.5541301747848963, 0.7985028638929563, 0.23522951716909832], [0.8224828543913377, 0.48163931002317545, 0.30256491745190356]], "fy": 3192.689131824271, "fx": 3192.878062459705}, {"id": 45, "img_name": "DSCF5875.JPG", "width": 3115, "height": 2076, "position": [4.235372053084226, 0.8389028276717732, 0.45563727711039814], "rotation": [[0.07862310110836072, 0.36564458522506893, -0.9274278652637583], [-0.5442625642689268, 0.7951705858282364, 0.2673611799962581], [0.8352225267002301, 0.48374350303561353, 0.2615254369336121]], "fy": 3192.689131824271, "fx": 3192.878062459705}, {"id": 46, "img_name": "DSCF5876.JPG", "width": 3115, "height": 2076, "position": [4.230262770360443, 0.762412174445719, 0.7742787259824734], "rotation": [[0.03424681330705394, 0.3946619130638231, -0.9181879601449339], [-0.5354243396927665, 0.7830034218678796, 0.31658556159079054], [0.8438885780971778, 0.48077813565094096, 0.2381269662115752]], "fy": 3192.689131824271, "fx": 3192.878062459705}, {"id": 47, "img_name": "DSCF5877.JPG", "width": 3115, "height": 2076, "position": [4.10918815417124, 0.48632526509891943, 1.017568345050909], "rotation": [[-0.010850985940814083, 0.4465738457813852, -0.8946809802204], [-0.5385507104920897, 0.7512682729990425, 0.3815221018676396], [0.8425232271768994, 0.48597096852493127, 0.23235066046465766]], "fy": 3192.689131824271, "fx": 3192.878062459705}, {"id": 48, "img_name": "DSCF5878.JPG", "width": 3115, "height": 2076, "position": [3.9589125146659754, 0.1772506723871885, 1.0665612197956014], "rotation": [[-0.06643696315397256, 0.4845709108012634, -0.8722254079835735], [-0.5414141442028015, 0.716769411619283, 0.43944548583879517], [0.8381269918001837, 0.5014305963662177, 0.21473356198739332]], "fy": 3192.689131824271, "fx": 3192.878062459705}, {"id": 49, "img_name": "DSCF5879.JPG", "width": 3115, "height": 2076, "position": [3.761988567456399, -0.09254955437922319, 1.0572077821743475], "rotation": [[-0.14386320632518082, 0.542097991497284, -0.827908899263952], [-0.5619196325241307, 0.6439063940527122, 0.5192599371047021], [0.8145856028986665, 0.5399206639059518, 0.21198106575251474]], "fy": 3192.689131824271, "fx": 3192.878062459705}, {"id": 50, "img_name": "DSCF5880.JPG", "width": 3115, "height": 2076, "position": [3.5705996534573, -0.3154419268915702, 0.996453793093306], "rotation": [[-0.21595709654611536, 0.5528036715733833, -0.8048419926584092], [-0.5705382238694661, 0.5974851329315357, 0.5634692991012552], [0.7923690223344466, 0.5808783148136724, 0.18636447039063367]], "fy": 3192.689131824271, "fx": 3192.878062459705}, {"id": 51, "img_name": "DSCF5882.JPG", "width": 3115, "height": 2076, "position": [3.238500390581838, -0.5768884029747152, 0.5385513348043459], "rotation": [[-0.20552692829028116, 0.5067748806079805, -0.8372203426412477], [-0.5856797151499613, 0.6216832359171957, 0.5200857866173472], [0.7840522642078278, 0.597234605966777, 0.16903512187201444]], "fy": 3192.689131824271, "fx": 3192.878062459705}, {"id": 52, "img_name": "DSCF5883.JPG", "width": 3115, "height": 2076, "position": [3.1623304152192016, -0.7221378603697133, 0.38658188193284415], "rotation": [[-0.2276273961641032, 0.5123759206860934, -0.8280438903926698], [-0.611996875213212, 0.586148587141803, 0.5309328192162662], [0.7573939485134629, 0.6276151286359708, 0.18014898573802537]], "fy": 3192.689131824271, "fx": 3192.878062459705}, {"id": 53, "img_name": "DSCF5884.JPG", "width": 3115, "height": 2076, "position": [3.109125814445775, -1.0255505229025972, 0.39717505917073415], "rotation": [[-0.3144876721753842, 0.4834256401330045, -0.8169437890771325], [-0.6147020907508183, 0.5520871053413728, 0.5633304250103629], [0.7233525030552393, 0.6793375291986881, 0.12353816311545626]], "fy": 3192.689131824271, "fx": 3192.878062459705}, {"id": 54, "img_name": "DSCF5885.JPG", "width": 3115, "height": 2076, "position": [3.0257944741160165, -1.3382898289369314, 0.48673928366100844], "rotation": [[-0.4123707024967402, 0.42635831165332694, -0.8050894321791023], [-0.6257445820336204, 0.5097214496033569, 0.5904470864267367], [0.6621133753202051, 0.7472634300555442, 0.056597211271478126]], "fy": 3192.689131824271, "fx": 3192.878062459705}, {"id": 55, "img_name": "DSCF5886.JPG", "width": 3115, "height": 2076, "position": [3.033371977674219, -1.4239795865260914, 0.67841369403449], "rotation": [[-0.44209004239527994, 0.35970089951629114, -0.8216882969241504], [-0.5970926129191476, 0.5655934355112004, 0.5688448622463091], [0.6693555154118955, 0.7421046614823331, -0.03526847592208863]], "fy": 3192.689131824271, "fx": 3192.878062459705}, {"id": 56, "img_name": "DSCF5887.JPG", "width": 3115, "height": 2076, "position": [3.0704171854214763, -1.3037792080057495, 0.8927858236095998], "rotation": [[-0.45222819940308656, 0.3198348883072618, -0.8325835092566529], [-0.5811402386180606, 0.6024683883454404, 0.5470903619178378], [0.6765838297828178, 0.7312574685197605, -0.08658427114947503]], "fy": 3192.689131824271, "fx": 3192.878062459705}, {"id": 57, "img_name": "DSCF5888.JPG", "width": 3115, "height": 2076, "position": [3.146079019043695, -1.1774882163940792, 1.0481618264571875], "rotation": [[-0.4570062776685962, 0.2760521212244709, -0.8455415356675058], [-0.5792958568911881, 0.6289846948967012, 0.5184540131722466], [0.6749530149278525, 0.7267554471437926, -0.1275341040138991]], "fy": 3192.689131824271, "fx": 3192.878062459705}, {"id": 58, "img_name": "DSCF5890.JPG", "width": 3115, "height": 2076, "position": [3.2996547842107016, -0.8836670861596186, 1.3602541867475757], "rotation": [[-0.4178982243042322, 0.29711258900635507, -0.858536652436755], [-0.5663498557397865, 0.6537127290340929, 0.5019038840279296], [0.7103583004561094, 0.6959768511615447, -0.10491571674619733]], "fy": 3192.689131824271, "fx": 3192.878062459705}, {"id": 59, "img_name": "DSCF5891.JPG", "width": 3115, "height": 2076, "position": [3.3344766685862277, -0.7518182137924682, 1.499201168867705], "rotation": [[-0.40112751577926176, 0.3356457858290826, -0.8523136878755], [-0.5615392443988432, 0.6450180089403686, 0.5182908885390317], [0.7237198305178142, 0.6865083208510879, -0.07025619059901668]], "fy": 3192.689131824271, "fx": 3192.878062459705}, {"id": 60, "img_name": "DSCF5892.JPG", "width": 3115, "height": 2076, "position": [3.352654694416632, -0.6257840398576041, 1.656130408832147], "rotation": [[-0.3911073390504516, 0.3569852028711964, -0.8482904068017543], [-0.5368615815549679, 0.6601543540622742, 0.5253340566372222], [0.7475390903432234, 0.66087653441746, -0.06653957217471423]], "fy": 3192.689131824271, "fx": 3192.878062459705}, {"id": 61, "img_name": "DSCF5893.JPG", "width": 3115, "height": 2076, "position": [3.359493719738374, -0.49887801605165305, 1.8350417900026874], "rotation": [[-0.3917366649291214, 0.38929446229046605, -0.8336619260708661], [-0.5093456547019924, 0.6628157555729158, 0.5488554255908413], [0.7662306372016249, 0.6396288734838991, -0.061363790783412156]], "fy": 3192.689131824271, "fx": 3192.878062459705}, {"id": 62, "img_name": "DSCF5894.JPG", "width": 3115, "height": 2076, "position": [3.346677977669062, -0.3728881586745138, 2.0321360848453183], "rotation": [[-0.39212284278809467, 0.407582416360559, -0.8246916090499954], [-0.48157426842338064, 0.6728805728342446, 0.5615317966907524], [0.7837894488676588, 0.6173397027374368, -0.06757063909557542]], "fy": 3192.689131824271, "fx": 3192.878062459705}, {"id": 63, "img_name": "DSCF5895.JPG", "width": 3115, "height": 2076, "position": [3.1971594710802234, -0.30441547493007876, 2.3180354894014963], "rotation": [[-0.4395084393621992, 0.4536713483942638, -0.7752513394864496], [-0.45194039602449504, 0.6341893107295729, 0.6273386618068202], [0.7762616892328427, 0.6260880335883124, -0.07369914536067299]], "fy": 3192.689131824271, "fx": 3192.878062459705}, {"id": 64, "img_name": "DSCF5896.JPG", "width": 3115, "height": 2076, "position": [2.970628552318405, -0.43375005178558323, 2.6980365893904867], "rotation": [[-0.5361544881690267, 0.4244845056444096, -0.7296240602420057], [-0.4609028633119506, 0.5769243462071534, 0.6743343750279188], [0.7071823777548858, 0.6978332202047061, -0.11367445346988037]], "fy": 3192.689131824271, "fx": 3192.878062459705}, {"id": 65, "img_name": "DSCF5898.JPG", "width": 3115, "height": 2076, "position": [2.7008742497643157, -0.7861212307550657, 2.789961130457241], "rotation": [[-0.6026562266970855, 0.45290247909178005, -0.6570272573156684], [-0.4676897456174572, 0.46665809508845013, 0.7506640554420445], [0.6465846999949103, 0.7596772780075355, -0.06941656150770438]], "fy": 3192.689131824271, "fx": 3192.878062459705}, {"id": 66, "img_name": "DSCF5899.JPG", "width": 3115, "height": 2076, "position": [2.608073703601462, -0.9382273899286181, 2.720077595800201], "rotation": [[-0.6731353315165447, 0.4820466024562764, -0.5608207365321574], [-0.42448599475886833, 0.36912649014822235, 0.8267752261191842], [0.6055579788242287, 0.7945921641516573, -0.04385005075367689]], "fy": 3192.689131824271, "fx": 3192.878062459705}, {"id": 67, "img_name": "DSCF5900.JPG", "width": 3115, "height": 2076, "position": [2.47158517726137, -1.1033535929954137, 2.752299897210865], "rotation": [[-0.7299975617414403, 0.4474799061407275, -0.5165900632530963], [-0.4178873320369682, 0.3058625648464581, 0.8554637743052425], [0.5408084111536886, 0.8403629126906017, -0.03628274244859605]], "fy": 3192.689131824271, "fx": 3192.878062459705}, {"id": 68, "img_name": "DSCF5901.JPG", "width": 3115, "height": 2076, "position": [2.45897221057369, -1.2120643391951444, 2.624613844135761], "rotation": [[-0.7164155074832785, 0.4754234411906435, -0.5106088250352933], [-0.4193502944424461, 0.2914720084127834, 0.8597612452668775], [0.5575788295734602, 0.8300702499657874, -0.009446106776077103]], "fy": 3192.689131824271, "fx": 3192.878062459705}, {"id": 69, "img_name": "DSCF5902.JPG", "width": 3115, "height": 2076, "position": [2.4806383820610356, -1.272021778528816, 2.4118454045572744], "rotation": [[-0.691588709980924, 0.4854693947475841, -0.5348126054893765], [-0.43922833330215716, 0.3051357884497301, 0.8449678229564547], [0.5733964836407093, 0.8192750559919273, 0.0022034468212275247]], "fy": 3192.689131824271, "fx": 3192.878062459705}, {"id": 70, "img_name": "DSCF5903.JPG", "width": 3115, "height": 2076, "position": [2.4860342406995692, -1.3169025427859289, 2.2009916058882117], "rotation": [[-0.7109288346389985, 0.4507114380669079, -0.5398512681049251], [-0.4448081139377606, 0.30640874551508884, 0.8415815007751786], [0.5447255582896473, 0.838434779972497, -0.017354707675522493]], "fy": 3192.689131824271, "fx": 3192.878062459705}, {"id": 71, "img_name": "DSCF5904.JPG", "width": 3115, "height": 2076, "position": [2.4413639556744715, -1.4097887345485023, 2.0280085173000804], "rotation": [[-0.7175521145666707, 0.4362177892559052, -0.5429852697979843], [-0.4426212623170442, 0.3163372484098102, 0.839057306394132], [0.5377781894292156, 0.8424041699832691, -0.033909192987062124]], "fy": 3192.689131824271, "fx": 3192.878062459705}, {"id": 72, "img_name": "DSCF5906.JPG", "width": 3115, "height": 2076, "position": [2.3610194193679965, -1.6612574480361142, 1.7342700799545712], "rotation": [[-0.7366362372731228, 0.3864809958609253, -0.5549770209427078], [-0.44762280649534203, 0.3365144646207998, 0.8284876813847084], [0.5069525392394528, 0.8587144198971645, -0.0748910409818632]], "fy": 3192.689131824271, "fx": 3192.878062459705}, {"id": 73, "img_name": "DSCF5907.JPG", "width": 3115, "height": 2076, "position": [2.225272845187608, -1.8348548973266117, 1.6415265179997771], "rotation": [[-0.7679213194272645, 0.34170532330000813, -0.5417880759093223], [-0.4431987879436211, 0.32722682068775866, 0.8345642229258852], [0.46246262717585523, 0.8809994777813538, -0.09984106677408552]], "fy": 3192.689131824271, "fx": 3192.878062459705}, {"id": 74, "img_name": "DSCF5908.JPG", "width": 3115, "height": 2076, "position": [1.998682354759563, -2.0166485195350727, 1.7187487440413285], "rotation": [[-0.8528128729242437, 0.18283414511974252, -0.48916447045245476], [-0.41743976347986106, 0.3241484832798479, 0.8489239098136249], [0.3137741984940367, 0.9281699392706633, -0.20011575698509523]], "fy": 3192.689131824271, "fx": 3192.878062459705}, {"id": 75, "img_name": "DSCF5909.JPG", "width": 3115, "height": 2076, "position": [1.8457658679942268, -2.1281415337983884, 2.0540588466270098], "rotation": [[-0.8950805573921212, 0.07689365963779843, -0.4392244994147252], [-0.3890537031950927, 0.34661383247748884, 0.8535198106461571], [0.21787154887408827, 0.9348509058896898, -0.2803315393394614]], "fy": 3192.689131824271, "fx": 3192.878062459705}, {"id": 76, "img_name": "DSCF5910.JPG", "width": 3115, "height": 2076, "position": [1.8212746364739154, -2.1488341537873215, 2.396337189978207], "rotation": [[-0.9103151142618705, 0.07284004757561165, -0.40745640284032797], [-0.33788921782908127, 0.43781017334123873, 0.8331585254882565], [0.23907586499111266, 0.8961119235832636, -0.37393335126818233]], "fy": 3192.689131824271, "fx": 3192.878062459705}, {"id": 77, "img_name": "DSCF5911.JPG", "width": 3115, "height": 2076, "position": [1.7889287311200721, -2.0664217307315766, 2.621205667019357], "rotation": [[-0.9119576752590761, 0.08626113299041047, -0.401113718876918], [-0.31606989550385334, 0.47564031040739435, 0.8208934865570201], [0.26159705597013844, 0.8754000868464477, -0.4064992844483094]], "fy": 3192.689131824271, "fx": 3192.878062459705}, {"id": 78, "img_name": "DSCF5912.JPG", "width": 3115, "height": 2076, "position": [1.786961514394455, -1.9422697635930375, 2.826662740498221], "rotation": [[-0.9133986213018467, 0.0974207272204667, -0.39523684103549883], [-0.31518631333928804, 0.44518590895343085, 0.8381331006188071], [0.25760540849810004, 0.8901228613945058, -0.37592651560562157]], "fy": 3192.689131824271, "fx": 3192.878062459705}, {"id": 79, "img_name": "DSCF5914.JPG", "width": 3115, "height": 2076, "position": [1.787223665179161, -1.7921065990647962, 3.1539683919419166], "rotation": [[-0.9073548648099679, 0.13840029424075112, -0.3969288448321155], [-0.3023494565598159, 0.4411464245632856, 0.8449701996005617], [0.292047864953107, 0.8866990417549252, -0.3584311006696108]], "fy": 3192.689131824271, "fx": 3192.878062459705}, {"id": 80, "img_name": "DSCF5915.JPG", "width": 3115, "height": 2076, "position": [1.7513184694179984, -1.7149250269526035, 3.289590030128985], "rotation": [[-0.9105513329727947, 0.1432251349336162, -0.38779225204317036], [-0.29137917783005785, 0.44307264335593294, 0.8478117759483326], [0.29324809419422637, 0.8849707302689923, -0.36170756394996817]], "fy": 3192.689131824271, "fx": 3192.878062459705}, {"id": 81, "img_name": "DSCF5916.JPG", "width": 3115, "height": 2076, "position": [1.6876338799554007, -1.6242477080596225, 3.4364536178582394], "rotation": [[-0.905501287610538, 0.1640813212219361, -0.39133711574769], [-0.2924065250373946, 0.4270496026838936, 0.8556442373808663], [0.30751559676090023, 0.8892164848188502, -0.3387155161417831]], "fy": 3192.689131824271, "fx": 3192.878062459705}, {"id": 82, "img_name": "DSCF5917.JPG", "width": 3115, "height": 2076, "position": [1.596591308283283, -1.5683634593099478, 3.5737630275173586], "rotation": [[-0.9210264743371003, 0.1526869497206189, -0.35832517209258813], [-0.2720385617426955, 0.4062288856904838, 0.8723377289534331], [0.2787566223341347, 0.9009244073814856, -0.33261082016251853]], "fy": 3192.689131824271, "fx": 3192.878062459705}, {"id": 83, "img_name": "DSCF5918.JPG", "width": 3115, "height": 2076, "position": [1.3686278628143957, -1.5357065782495973, 3.813411231650431], "rotation": [[-0.967207846709977, 0.0713643546645122, -0.24375420026323014], [-0.19964720488838072, 0.3796321742930355, 0.903338477992496], [0.1570031045645472, 0.9223809089117467, -0.35293552390236044]], "fy": 3192.689131824271, "fx": 3192.878062459705}, {"id": 84, "img_name": "DSCF5919.JPG", "width": 3115, "height": 2076, "position": [1.0412701257581052, -1.629489056002536, 4.128048441122618], "rotation": [[-0.9938957671495393, -0.014214538529385475, -0.10940361482430516], [-0.10932449373033049, 0.2600288179637704, 0.9593920829874358], [0.014810776915315401, 0.9654962251209276, -0.25999553873942466]], "fy": 3192.689131824271, "fx": 3192.878062459705}, {"id": 85, "img_name": "DSCF5920.JPG", "width": 3115, "height": 2076, "position": [0.8266391198913934, -1.814041198111651, 4.189331988059006], "rotation": [[-0.9954839242359205, -0.026086003895484478, -0.09127582915874395], [-0.09472995188968641, 0.21054245870458912, 0.9729841259227221], [-0.006163830207682734, 0.977236610797708, -0.21206275890353685]], "fy": 3192.689131824271, "fx": 3192.878062459705}, {"id": 86, "img_name": "DSCF5922.JPG", "width": 3115, "height": 2076, "position": [0.8007951085859883, -2.1237772758857707, 3.9455842010421205], "rotation": [[-0.9969409502363475, -0.031017761914675993, -0.0717400877310033], [-0.07583798046781297, 0.16189741799585414, 0.9838891333706451], [-0.018903503918882104, 0.9863199909218507, -0.16375449015983823]], "fy": 3192.689131824271, "fx": 3192.878062459705}, {"id": 87, "img_name": "DSCF5923.JPG", "width": 3115, "height": 2076, "position": [0.6712295908878708, -2.286479547580146, 3.7989094834488606], "rotation": [[-0.9947547993830327, -0.10040885468811615, -0.019517966201501032], [-0.03821893524097981, 0.1878570601490309, 0.9814525143587994], [-0.09487993514683679, 0.9770505549112515, -0.19070923169618145]], "fy": 3192.689131824271, "fx": 3192.878062459705}, {"id": 88, "img_name": "DSCF5924.JPG", "width": 3115, "height": 2076, "position": [0.44870649623657133, -2.444228905577753, 3.6592280096828653], "rotation": [[-0.9811773860522691, -0.18040880915983276, 0.06887378802685169], [0.023281652807217775, 0.2435431167075459, 0.9696105996465483], [-0.19170003062649943, 0.9529634892701323, -0.23475878338390974]], "fy": 3192.689131824271, "fx": 3192.878062459705}, {"id": 89, "img_name": "DSCF5925.JPG", "width": 3115, "height": 2076, "position": [0.3350388832301198, -2.542309139166776, 3.518875319024341], "rotation": [[-0.9750322662973804, -0.2053018596871448, 0.08463584399056083], [0.02252573896699438, 0.2877277320952383, 0.9574473057392358], [-0.22091779186608185, 0.9354485013042305, -0.27591924660067463]], "fy": 3192.689131824271, "fx": 3192.878062459705}, {"id": 90, "img_name": "DSCF5926.JPG", "width": 3115, "height": 2076, "position": [0.42230643172281285, -2.6339074460100758, 3.3278985022382974], "rotation": [[-0.9748884642657927, -0.19576162973500102, 0.10615962775453194], [0.036004910135093174, 0.3318781079632598, 0.9426349070031784], [-0.2197638020413014, 0.9227861647089337, -0.3164957591092313]], "fy": 3192.689131824271, "fx": 3192.878062459705}, {"id": 91, "img_name": "DSCF5927.JPG", "width": 3115, "height": 2076, "position": [0.4915577677523602, -2.7729177037129538, 3.1716233803753644], "rotation": [[-0.9730454084148723, -0.19686816919854871, 0.12010644078960087], [0.03927458445738034, 0.3717387133622928, 0.9275062458029311], [-0.22724467029709278, 0.9072228243073246, -0.3539867326290733]], "fy": 3192.689131824271, "fx": 3192.878062459705}, {"id": 92, "img_name": "DSCF5928.JPG", "width": 3115, "height": 2076, "position": [0.452550152764528, -2.8426223229611183, 3.0046105114137913], "rotation": [[-0.965745108484857, -0.22338831144989144, 0.1320380541553722], [0.03908598382978066, 0.37780059961900847, 0.9250616156751806], [-0.2565320083452138, 0.8985345676350376, -0.35612772913561047]], "fy": 3192.689131824271, "fx": 3192.878062459705}, {"id": 93, "img_name": "DSCF5930.JPG", "width": 3115, "height": 2076, "position": [0.019555244541476058, -2.930209602581191, 2.59172310486632], "rotation": [[-0.8943355455998593, -0.36811564952089454, 0.25427308244171437], [0.09839696025136849, 0.3925852877230786, 0.914436892342319], [-0.43644240180107563, 0.8428331154156182, -0.3148815165564829]], "fy": 3192.689131824271, "fx": 3192.878062459705}, {"id": 94, "img_name": "DSCF5931.JPG", "width": 3115, "height": 2076, "position": [-0.19772080927224767, -2.8549573922571354, 2.5648898514208502], "rotation": [[-0.8710262741203284, -0.4185553973676367, 0.2571470573941654], [0.07570211872009977, 0.40284616505684995, 0.9121316552561243], [-0.48536833334422047, 0.813957214252327, -0.3192040638106675]], "fy": 3192.689131824271, "fx": 3192.878062459705}, {"id": 95, "img_name": "DSCF5932.JPG", "width": 3115, "height": 2076, "position": [-0.35609657395391653, -2.7917286616790453, 2.691487829514931], "rotation": [[-0.8567457823561677, -0.42174121285279026, 0.2968518381219416], [0.11082889236942457, 0.41158474583074306, 0.9046076241197666], [-0.5036900048949595, 0.8079185270687261, -0.3058823835856119]], "fy": 3192.689131824271, "fx": 3192.878062459705}, {"id": 96, "img_name": "DSCF5933.JPG", "width": 3115, "height": 2076, "position": [-0.5363634972156075, -2.7042284336555054, 2.843140172167256], "rotation": [[-0.8614833794045017, -0.38404160304672025, 0.33220239935783746], [0.14138912590420175, 0.44692731952722986, 0.8833261493560863], [-0.48770431829731076, 0.8079406031321303, -0.33072115100888916]], "fy": 3192.689131824271, "fx": 3192.878062459705}, {"id": 97, "img_name": "DSCF5934.JPG", "width": 3115, "height": 2076, "position": [-0.7108018228804379, -2.5881058254146585, 2.9723836343758676], "rotation": [[-0.866499642943888, -0.3635525284519118, 0.34206421595123815], [0.16197960561251384, 0.44339590262932005, 0.8815683075616685], [-0.4721662590060073, 0.8192860505267692, -0.3253142961330156]], "fy": 3192.689131824271, "fx": 3192.878062459705}, {"id": 98, "img_name": "DSCF5935.JPG", "width": 3115, "height": 2076, "position": [-0.8910363297108178, -2.451349873465937, 3.0527661238176544], "rotation": [[-0.8672945941334139, -0.3390525471058692, 0.36447696400181395], [0.19220982054610464, 0.44730921803994494, 0.8734814527751161], [-0.45919001717436253, 0.8276217939116365, -0.3227796374771701]], "fy": 3192.689131824271, "fx": 3192.878062459705}, {"id": 99, "img_name": "DSCF5936.JPG", "width": 3115, "height": 2076, "position": [-1.0450149823335162, -2.33540013031212, 3.135000929365924], "rotation": [[-0.8213503698314819, -0.3744606770086077, 0.4303054396030144], [0.2439339346562637, 0.45133052734811113, 0.858368796384625], [-0.515635