[{"id": 0, "img_name": "DSCF4667.JPG", "width": 3114, "height": 2075, "position": [-2.4350302529903454, 1.7857123908132155, -3.1981375458493497], "rotation": [[0.8374182130519243, -0.16963291984305398, 0.5195723327453473], [0.21721822904684143, 0.9756121828431725, -0.03157704320758731], [-0.5015445916552942, 0.13930377307704173, 0.8538427732245697]], "fy": 3173.9530257001675, "fx": 3172.5294374200544}, {"id": 1, "img_name": "DSCF4675.JPG", "width": 3114, "height": 2075, "position": [-0.9455337600222289, 2.1043745202801647, -3.9210702777264506], "rotation": [[0.9833456197124473, -0.08075798701685614, 0.16281750435787964], [0.08028691292588368, 0.9967266931163565, 0.009482132785605491], [-0.16305031065647937, 0.0037479010549338223, 0.9866106371981339]], "fy": 3173.9530257001675, "fx": 3172.5294374200544}, {"id": 2, "img_name": "DSCF4683.JPG", "width": 3114, "height": 2075, "position": [1.2405060914819908, 2.1753992630242136, -4.314364890590926], "rotation": [[0.9544918302055665, 0.1596293624584898, -0.2519202506983588], [-0.16565351211051993, 0.986180194996256, -0.002745345624226043], [0.2480005241854898, 0.04435188426936017, 0.9677441037616709]], "fy": 3173.9530257001675, "fx": 3172.5294374200544}, {"id": 3, "img_name": "DSCF4691.JPG", "width": 3114, "height": 2075, "position": [2.1399095921128004, -1.4141249521063108, 3.0508286799015303], "rotation": [[-0.9547666169939061, 0.18736988065729673, -0.23089658918330053], [-0.09147035351010525, 0.5537827573049944, 0.8276217929346797], [0.28293794638179565, 0.8113058520275496, -0.5115945005207776]], "fy": 3173.9530257001675, "fx": 3172.5294374200544}, {"id": 4, "img_name": "DSCF4699.JPG", "width": 3114, "height": 2075, "position": [1.540669159484219, -1.775541888857831, 3.119382230513909], "rotation": [[-0.9466599500322991, -0.008821510518252751, -0.32211352029528606], [-0.20913521766128537, 0.777309398201821, 0.5933401724145179], [0.2451477100415423, 0.6290566591486805, -0.7376925645837086]], "fy": 3173.9530257001675, "fx": 3172.5294374200544}, {"id": 5, "img_name": "DSCF4707.JPG", "width": 3114, "height": 2075, "position": [2.9227258176413655, -1.4629291844717949, 2.8573100992843803], "rotation": [[-0.9093393771003355, 0.21026331182696595, -0.35901425731345155], [-0.1100086976016316, 0.7106798100647873, 0.6948613487727393], [0.4012480326515831, 0.6713594769315719, -0.6231183427146081]], "fy": 3173.9530257001675, "fx": 3172.5294374200544}, {"id": 6, "img_name": "DSCF4715.JPG", "width": 3114, "height": 2075, "position": [1.7151149609616003, -1.5639673192234833, 3.494513381748744], "rotation": [[-0.9249795807908342, 0.12732892009800373, -0.35805044508656597], [-0.226351744533463, 0.572220890486195, 0.7882437061200323], [0.3052501644007251, 0.8101546757242484, -0.5004715162079331]], "fy": 3173.9530257001675, "fx": 3172.5294374200544}, {"id": 7, "img_name": "DSCF4723.JPG", "width": 3114, "height": 2075, "position": [1.8566139590856197, -1.920764042929453, 3.1517723100821535], "rotation": [[-0.9478794717328398, 0.09804477573561755, -0.3031694724381485], [-0.11175619501953289, 0.7887350766901007, 0.6044894802007867], [0.2983874326144266, 0.6068642358465471, -0.7366686767524177]], "fy": 3173.9530257001675, "fx": 3172.5294374200544}, {"id": 8, "img_name": "DSCF4731.JPG", "width": 3114, "height": 2075, "position": [2.0577607480543962, -2.3346782316377808, 2.8545847620069296], "rotation": [[-0.9747853034514095, 0.1511435479910063, -0.16416223705783467], [-0.02935439452563468, 0.6424268781230278, 0.7657845818421349], [0.22120563215518657, 0.7512944390622031, -0.621791551998765]], "fy": 3173.9530257001675, "fx": 3172.5294374200544}, {"id": 9, "img_name": "DSCF4739.JPG", "width": 3114, "height": 2075, "position": [0.7384447220709757, -1.9290072371654854, 3.59384741065984], "rotation": [[-0.9749305288500709, -0.06422057155485981, -0.21304032976243503], [-0.19815786244936467, 0.6860989876316079, 0.7000011719421483], [0.1012122792235141, 0.7246681291184602, -0.6816246600397693]], "fy": 3173.9530257001675, "fx": 3172.5294374200544}, {"id": 10, "img_name": "DSCF4747.JPG", "width": 3114, "height": 2075, "position": [2.0707509896813576, -1.4036995461454924, 3.609907496210287], "rotation": [[-0.9369754718314544, 0.20944795223636983, -0.27965786327263376], [-0.10874932832437126, 0.5858254863433607, 0.803107765582903], [0.33203998068790125, 0.7829048823800734, -0.5261267873528414]], "fy": 3173.9530257001675, "fx": 3172.5294374200544}, {"id": 11, "img_name": "DSCF4755.JPG", "width": 3114, "height": 2075, "position": [0.12103996659197772, -1.7287416880181505, 3.745548921171702], "rotation": [[-0.9240144322132593, -0.13585829975243763, 0.3574071228305102], [0.2270537996470397, 0.5571265353804843, 0.7987844487975339], [-0.30764248914519027, 0.8192390041760187, -0.4839458160881607]], "fy": 3173.9530257001675, "fx": 3172.5294374200544}, {"id": 12, "img_name": "DSCF4763.JPG", "width": 3114, "height": 2075, "position": [0.06616013944861733, -1.9164106720826781, 3.560635167211776], "rotation": [[-0.9847921281055709, -0.06685976134577751, 0.16035659242477712], [0.09726889289379641, 0.5525943255130693, 0.8277549600491505], [-0.1439556421142137, 0.830764276870125, -0.537687166835831]], "fy": 3173.9530257001675, "fx": 3172.5294374200544}, {"id": 13, "img_name": "DSCF4771.JPG", "width": 3114, "height": 2075, "position": [-1.445483219420227, -2.078010744713871, 3.2320206470087287], "rotation": [[-0.9580947464655812, -0.24602843889716283, 0.1467121809833042], [-0.07414105138719446, 0.7077040237545413, 0.7026080836859429], [-0.27669037080146863, 0.6622877184543409, -0.6962883143427644]], "fy": 3173.9530257001675, "fx": 3172.5294374200544}, {"id": 14, "img_name": "DSCF4779.JPG", "width": 3114, "height": 2075, "position": [0.16870651643049878, -2.130888933756438, 3.5799640221505973], "rotation": [[-0.9567490894868167, -0.058259461465541444, 0.28502107802036714], [0.12584127220878108, 0.8004537100627717, 0.5860356919639108], [-0.26228830316089696, 0.5965565297576496, -0.7585019135298788]], "fy": 3173.9530257001675, "fx": 3172.5294374200544}, {"id": 15, "img_name": "DSCF4787.JPG", "width": 3114, "height": 2075, "position": [-0.187542186537288, -1.6762599868937218, 3.907196460540103], "rotation": [[-0.9576875055822581, -0.21136907068413632, 0.19534010752980704], [0.06856521564778717, 0.4916158678201249, 0.8681086623865919], [-0.2795236177048452, 0.8447703560528093, -0.4563218082445821]], "fy": 3173.9530257001675, "fx": 3172.5294374200544}, {"id": 16, "img_name": "DSCF4795.JPG", "width": 3114, "height": 2075, "position": [-1.1042446890090274, -2.0240441224696237, 3.445907137802788], "rotation": [[-0.9631483830607471, -0.268149272808805, -0.02100380202668567], [-0.1964758648133501, 0.6480752166415659, 0.7357959962658355], [-0.18369111778557323, 0.7128074642335729, -0.6768774572842483]], "fy": 3173.9530257001675, "fx": 3172.5294374200544}, {"id": 17, "img_name": "DSCF4803.JPG", "width": 3114, "height": 2075, "position": [0.2961088981937714, -1.995577287459899, 3.7861637665478773], "rotation": [[-0.9282510668741402, -0.03265175053424882, 0.37051831268382557], [0.25651401483576797, 0.6651622700384402, 0.7012558126034639], [-0.2693520318094063, 0.7459845961575602, -0.6090619551866508]], "fy": 3173.9530257001675, "fx": 3172.5294374200544}, {"id": 18, "img_name": "DSCF4811.JPG", "width": 3114, "height": 2075, "position": [-1.1225803299837525, 2.090630205492096, -4.489555514524157], "rotation": [[0.9885292652282431, -0.11202267076518913, -0.10129567128926913], [0.09567637664100713, 0.9834438121711435, -0.15389704108636], [0.116858558694508, 0.14244012614752444, 0.9828809122792648]], "fy": 3173.9530257001675, "fx": 3172.5294374200544}, {"id": 19, "img_name": "DSCF4819.JPG", "width": 3114, "height": 2075, "position": [0.1216217845689089, 1.8791514243198708, -4.8019825538172], "rotation": [[0.9598439513618388, 0.19683731621625522, 0.19988661780838132], [-0.17422661930081204, 0.9767152839576874, -0.1251892136346575], [-0.21987422350312433, 0.08533653981874328, 0.9717885576660502]], "fy": 3173.9530257001675, "fx": 3172.5294374200544}, {"id": 20, "img_name": "DSCF4827.JPG", "width": 3114, "height": 2075, "position": [-0.33949714924283053, 2.81393358174334, -4.842211462955038], "rotation": [[0.9802212722954528, -0.005943304041566065, 0.1978154050536843], [-0.0017546949308863088, 0.9992486734828537, 0.03871704519274134], [-0.19789688826553894, -0.03829837698684839, 0.979474377375432]], "fy": 3173.9530257001675, "fx": 3172.5294374200544}, {"id": 21, "img_name": "DSCF4835.JPG", "width": 3114, "height": 2075, "position": [-1.7366594534167143, 2.232697245028046, -4.794079659485045], "rotation": [[0.9753048485269173, -0.20048406579433783, 0.0926638645991984], [0.2055766046381077, 0.9774114395287425, -0.04904220125379969], [-0.08073854138733305, 0.06688061932221226, 0.9944889495080995]], "fy": 3173.9530257001675, "fx": 3172.5294374200544}, {"id": 22, "img_name": "DSCF4843.JPG", "width": 3114, "height": 2075, "position": [0.6315084174136576, 2.164618011643742, -5.2390418171379105], "rotation": [[0.9662712389161201, 0.253292875077529, 0.04650389530421998], [-0.25426939702293966, 0.9669952707742234, 0.016346866301433928], [-0.04082850206776217, -0.027620024171704664, 0.9987843449332077]], "fy": 3173.9530257001675, "fx": 3172.5294374200544}, {"id": 23, "img_name": "DSCF4851.JPG", "width": 3114, "height": 2075, "position": [-0.5826158449969032, 2.685392778655495, -4.825738533040919], "rotation": [[0.8816340638238961, -0.09379265953346862, 0.4625195288017589], [0.14073191512293778, 0.9877123346578184, -0.06796228388328218], [-0.4504618802642377, 0.1250091235968017, 0.8840004600939794]], "fy": 3173.9530257001675, "fx": 3172.5294374200544}, {"id": 24, "img_name": "DSCF4859.JPG", "width": 3114, "height": 2075, "position": [-1.6815477521072333, 2.525835905555309, -4.213547146115117], "rotation": [[0.8494205388825417, -0.20169999695641447, 0.48764932005722633], [0.10490174293801857, 0.9701700239019239, 0.21855376695611112], [-0.5171850466255365, -0.1344887948861266, 0.8452410257417816]], "fy": 3173.9530257001675, "fx": 3172.5294374200544}, {"id": 25, "img_name": "DSCF4867.JPG", "width": 3114, "height": 2075, "position": [-0.04951249863356636, 2.3053361458985866, -4.725117275001918], "rotation": [[0.9671630729092592, 0.14053978493147856, -0.2117643956195965], [-0.17167918679938182, 0.975637287853501, -0.13659479993677426], [0.18740823680036636, 0.16846498568331095, 0.9677281133552439]], "fy": 3173.9530257001675, "fx": 3172.5294374200544}, {"id": 26, "img_name": "DSCF4875.JPG", "width": 3114, "height": 2075, "position": [-1.5523603047230143, 0.4150134133757618, -1.1848800792206509], "rotation": [[0.681847904946442, -0.13242608988579926, 0.7194072318497403], [0.39330749292066863, 0.8955891994164425, -0.20791633389677128], [-0.6167597997053683, 0.42471557141947797, 0.6627397927250336]], "fy": 3173.9530257001675, "fx": 3172.5294374200544}, {"id": 27, "img_name": "DSCF4883.JPG", "width": 3114, "height": 2075, "position": [-1.3799039772799797, 0.9070885829083046, -1.2590805063551749], "rotation": [[0.8280425590024961, -0.2813472653019641, 0.4849631293074801], [0.21530500095666522, 0.9582234031714078, 0.1882861284791214], [-0.5176768075195641, -0.05149394063103005, 0.8540252320831279]], "fy": 3173.9530257001675, "fx": 3172.5294374200544}, {"id": 28, "img_name": "DSCF4891.JPG", "width": 3114, "height": 2075, "position": [-0.9969162866415897, 1.3790049957748762, -2.0437158197989556], "rotation": [[-0.18316874511156075, -0.48322980474389365, 0.8561180798356228], [0.3883281404436012, 0.7644655736063561, 0.5145810355136687], [-0.9031336922924922, 0.4267099044759604, 0.04762553168465509]], "fy": 3173.9530257001675, "fx": 3172.5294374200544}, {"id": 29, "img_name": "DSCF4899.JPG", "width": 3114, "height": 2075, "position": [-1.0815168986858816, 1.2545772547880782, -2.4329801928585417], "rotation": [[-0.35201254693695105, -0.3416629731209717, 0.8714089623116688], [0.34887085984958094, 0.8160172788955082, 0.4608740865917551], [-0.8685483808900777, 0.46624265500070744, -0.16805206547709042]], "fy": 3173.9530257001675, "fx": 3172.5294374200544}, {"id": 30, "img_name": "DSCF4907.JPG", "width": 3114, "height": 2075, "position": [-0.6131310357288982, 1.10221245835913, -1.5053931936422584], "rotation": [[0.9652428380968646, -0.0574309581570477, 0.2549665635879996], [0.024855621935046857, 0.9913078293883766, 0.1291935967899624], [-0.26017006276843613, -0.11836584151886387, 0.9582802648497981]], "fy": 3173.9530257001675, "fx": 3172.5294374200544}, {"id": 31, "img_name": "DSCF4915.JPG", "width": 3114, "height": 2075, "position": [0.8858312639072653, -0.6308956187199983, 2.2206770927459756], "rotation": [[-0.9956823818503584, 0.09185978344258688, -0.013355697611036294], [0.01673830817791301, 0.31919426431077746, 0.947541477018522], [0.09130401695510229, 0.9432268029572646, -0.3193536827263459]], "fy": 3173.9530257001675, "fx": 3172.5294374200544}, {"id": 32, "img_name": "DSCF4923.JPG", "width": 3114, "height": 2075, "position": [0.5629578926129869, -1.3863911678274026, 2.027857881454118], "rotation": [[-0.9656192177089676, -0.08771102823876799, 0.24471677898423505], [0.07075784315734505, 0.817140587244466, 0.5720791801048958], [-0.25014566560874385, 0.5697262818258144, -0.7828404114339593]], "fy": 3173.9530257001675, "fx": 3172.5294374200544}, {"id": 33, "img_name": "DSCF4931.JPG", "width": 3114, "height": 2075, "position": [-0.2658566404124847, -1.3340836584642477, 3.3697032177470656], "rotation": [[-0.6341109194718848, -0.4446931145611705, 0.6325751936872058], [0.345177181177772, 0.5692525287312632, 0.7461931868673355], [-0.6919220009514712, 0.6915197700680351, -0.2074713286320876]], "fy": 3173.9530257001675, "fx": 3172.5294374200544}, {"id": 34, "img_name": "DSCF4939.JPG", "width": 3114, "height": 2075, "position": [-0.2204391726624126, -2.065311552639228, 3.2391048379181666], "rotation": [[-0.40890043457073705, 0.11903019789208664, 0.9047829831499002], [0.43412963689697115, 0.8974558659641654, 0.07813083267323938], [-0.8027028671778657, 0.4247408393788857, -0.41864463019147063]], "fy": 3173.9530257001675, "fx": 3172.5294374200544}, {"id": 35, "img_name": "DSCF4947.JPG", "width": 3114, "height": 2075, "position": [-0.4323654893183496, -1.9536430368192765, 3.099663259432605], "rotation": [[-0.7115273110819366, 0.07316816030222771, 0.6988385406533444], [0.3097217788458343, 0.9253911915227532, 0.21845723233775363], [-0.6307149160223505, 0.3718838030488645, -0.6811028789667771]], "fy": 3173.9530257001675, "fx": 3172.5294374200544}, {"id": 36, "img_name": "DSCF4955.JPG", "width": 3114, "height": 2075, "position": [-0.17212468601179254, -1.1053806433576077, 3.4405256973738374], "rotation": [[-0.6466381868633035, -0.5896853830334056, 0.4838700283411706], [0.31601603804037215, 0.37024284326704787, 0.8735296793531392], [-0.6942570986251458, 0.7177683373110562, -0.05306312243278197]], "fy": 3173.9530257001675, "fx": 3172.5294374200544}, {"id": 37, "img_name": "DSCF4963.JPG", "width": 3114, "height": 2075, "position": [1.2067939113009405, 1.7316807756394879, -4.048689049047846], "rotation": [[0.8030712468708201, 0.21554911906227184, -0.5555314120019003], [-0.4273574461523902, 0.8580317848226064, -0.2848632469312938], [0.41526158703575433, 0.4661759683913478, 0.7811771763351357]], "fy": 3173.9530257001675, "fx": 3172.5294374200544}, {"id": 38, "img_name": "DSCF4971.JPG", "width": 3114, "height": 2075, "position": [0.7688803807943799, 2.3061442422987803, -4.2708843918467965], "rotation": [[0.5445610705039701, 0.4377761292129736, -0.7154056899290611], [-0.42731462171765955, 0.8787799108113725, 0.21248078129715525], [0.7217031623582258, 0.18999455004199917, 0.6656174700204874]], "fy": 3173.9530257001675, "fx": 3172.5294374200544}, {"id": 39, "img_name": "DSCF4668.JPG", "width": 3114, "height": 2075, "position": [-2.406043996020195, 1.8119273177222093, -3.2278997694756226], "rotation": [[0.8492758386060353, -0.17060170842307487, 0.4996254667680016], [0.20957355949036577, 0.9775351247317527, -0.022450012877826282], [-0.4845714324251416, 0.1237745409961378, 0.8659505701127762]], "fy": 3173.9530257001675, "fx": 3172.5294374200544}, {"id": 40, "img_name": "DSCF4669.JPG", "width": 3114, "height": 2075, "position": [-2.29265019821017, 1.8833384946258682, -3.328298576053621], "rotation": [[0.8546741614884632, -0.17475636100462333, 0.48886837898601504], [0.19898592972892568, 0.9799993085495979, 0.0024402893731384446], [-0.4795171294687056, 0.09519227663382873, 0.8723541442644501]], "fy": 3173.9530257001675, "fx": 3172.5294374200544}, {"id": 41, "img_name": "DSCF4670.JPG", "width": 3114, "height": 2075, "position": [-2.1199562180860365, 1.9703582403581046, -3.5275033330582346], "rotation": [[0.8983847060967688, -0.15964143525720803, 0.4091693194759853], [0.1787429595784596, 0.9838582926315346, -0.008591531952734738], [-0.40119306356485707, 0.08085463604012044, 0.9124180256758765]], "fy": 3173.9530257001675, "fx": 3172.5294374200544}, {"id": 42, "img_name": "DSCF4671.JPG", "width": 3114, "height": 2075, "position": [-1.8881294356109244, 2.0807500577536153, -3.731026031867613], "rotation": [[0.9224234062623801, -0.13836859265871554, 0.36054013943658836], [0.1551771094377903, 0.9877237087068319, -0.017942685555772855], [-0.3536313395131153, 0.07249832980191848, 0.9325711060772214]], "fy": 3173.9530257001675, "fx": 3172.5294374200544}, {"id": 43, "img_name": "DSCF4672.JPG", "width": 3114, "height": 2075, "position": [-1.6525437114860837, 2.139931306212942, -3.848257761552049], "rotation": [[0.9412372462378259, -0.1326093476038488, 0.31062389995413436], [0.13634759032006247, 0.9906130618522895, 0.009751733258489324], [-0.3090012636034793, 0.03317412569630008, 0.9504828754247701]], "fy": 3173.9530257001675, "fx": 3172.5294374200544}, {"id": 44, "img_name": "DSCF4673.JPG", "width": 3114, "height": 2075, "position": [-1.3899923673833474, 2.141177951286892, -3.8676247128062053], "rotation": [[0.9549701530961892, -0.13418621474162637, 0.26462438751701467], [0.13693742106084753, 0.9905464876803229, 0.008111624829826563], [-0.26321122584085416, 0.028490621570788004, 0.9643174451776059]], "fy": 3173.9530257001675, "fx": 3172.5294374200544}, {"id": 45, "img_name": "DSCF4674.JPG", "width": 3114, "height": 2075, "position": [-1.142795372430594, 2.1132567596213576, -3.8754544647218823], "rotation": [[0.9714513401111715, -0.10360540670912666, 0.213420274334107], [0.10471223937020194, 0.9944835901139903, 0.006142956948108719], [-0.2128794041759009, 0.016380131093041737, 0.976941170482178]], "fy": 3173.9530257001675, "fx": 3172.5294374200544}, {"id": 46, "img_name": "DSCF4676.JPG", "width": 3114, "height": 2075, "position": [-0.6629392719799629, 2.1462067322502216, -3.995825289421239], "rotation": [[0.9923646651857982, -0.039627481983076605, 0.11679911798622264], [0.039515394757834436, 0.999213591391813, 0.0032760273209122277], [-0.11683708686804516, 0.0013643494991358793, 0.9931501566644558]], "fy": 3173.9530257001675, "fx": 3172.5294374200544}, {"id": 47, "img_name": "DSCF4677.JPG", "width": 3114, "height": 2075, "position": [-0.3520473574335926, 2.1921271170872734, -4.123114850220809], "rotation": [[0.998714624248646, 0.0020332956648644943, 0.050645483714002015], [-0.002186158725112177, 0.9999932203993803, 0.002963083749259814], [-0.050639115532507245, -0.0030699941393681762, 0.9987122984694187]], "fy": 3173.9530257001675, "fx": 3172.5294374200544}, {"id": 48, "img_name": "DSCF4678.JPG", "width": 3114, "height": 2075, "position": [-0.05610766810513665, 2.215144312951777, -4.168249662759288], "rotation": [[0.9998224252707559, 0.018787666006592464, -0.0014633973241302933], [-0.018782020240146063, 0.99981645437768, 0.003780644302713257], [0.0015341582064068375, -0.0037524873976636443, 0.999991782564701]], "fy": 3173.9530257001675, "fx": 3172.5294374200544}, {"id": 49, "img_name": "DSCF4679.JPG", "width": 3114, "height": 2075, "position": [0.22753799056171117, 2.2153310131629693, -4.132903381044603], "rotation": [[0.997860514138805, 0.048746196264311065, -0.04356836779592411], [-0.047935924179321424, 0.9986609578008063, 0.019453496792363443], [0.044458311885563054, -0.01732338633574317, 0.9988610307696204]], "fy": 3173.9530257001675, "fx": 3172.5294374200544}, {"id": 50, "img_name": "DSCF4680.JPG", "width": 3114, "height": 2075, "position": [0.48541852587082324, 2.1778539746800107, -4.134755655527471], "rotation": [[0.9949587863014714, 0.07389874469576294, -0.06779372459080149], [-0.07174964235648207, 0.9968562653380791, 0.0336091516991163], [0.07006427322979883, -0.028575545289770927, 0.9971331083803067]], "fy": 3173.9530257001675, "fx": 3172.5294374200544}, {"id": 51, "img_name": "DSCF4681.JPG", "width": 3114, "height": 2075, "position": [0.6987199144891322, 2.165995719585329, -4.1722108097815855], "rotation": [[0.9873211635564338, 0.09292763084345396, -0.1286910075311883], [-0.09193736588412016, 0.995671543117914, 0.013627141280602223], [0.12940031200835272, -0.0016228527397211723, 0.991591108068808]], "fy": 3173.9530257001675, "fx": 3172.5294374200544}, {"id": 52, "img_name": "DSCF4682.JPG", "width": 3114, "height": 2075, "position": [0.980214760892479, 2.181745738828907, -4.221445210824919], "rotation": [[0.966778676131264, 0.15449248638960636, -0.20364445248284568], [-0.15553525699748136, 0.9877693844553016, 0.010973921975398811], [0.20284914396814227, 0.021064538493686946, 0.978983406401477]], "fy": 3173.9530257001675, "fx": 3172.5294374200544}, {"id": 53, "img_name": "DSCF4684.JPG", "width": 3114, "height": 2075, "position": [1.452896907893262, 2.173123931894787, -4.358982251653323], "rotation": [[0.9437125004899246, 0.1619787561636816, -0.2883913989194561], [-0.17311653309405897, 0.9848106881047393, -0.013363179418234136], [0.28184638083280006, 0.06253631861835922, 0.957419357682471]], "fy": 3173.9530257001675, "fx": 3172.5294374200544}, {"id": 54, "img_name": "DSCF4685.JPG", "width": 3114, "height": 2075, "position": [1.6439881519849204, 2.1335867181012165, -4.314460828904255], "rotation": [[0.9338119572109935, 0.17110714109753034, -0.3141935308614795], [-0.1810669422675735, 0.9834674430103179, -0.0025594836624866966], [0.3085611624745487, 0.05928013836165687, 0.9493555046494321]], "fy": 3173.9530257001675, "fx": 3172.5294374200544}, {"id": 55, "img_name": "DSCF4686.JPG", "width": 3114, "height": 2075, "position": [1.739490493440111, 2.06982813715312, -4.228327787789438], "rotation": [[0.9191479322756243, 0.21441272554463103, -0.33044555030741024], [-0.21799252081862938, 0.9755861513179269, 0.02666312479463801], [0.3280950159032957, 0.04752730248181314, 0.9434483642776736]], "fy": 3173.9530257001675, "fx": 3172.5294374200544}, {"id": 56, "img_name": "DSCF4687.JPG", "width": 3114, "height": 2075, "position": [2.7138227847127743, -1.2695152917584935, 2.697139325950885], "rotation": [[-0.9162424882850275, 0.2433372457089796, -0.31825569517610974], [-0.14719699196696742, 0.5343591198813347, 0.832342103077528], [0.3726026680220335, 0.8094734806344265, -0.45378401903598253]], "fy": 3173.9530257001675, "fx": 3172.5294374200544}, {"id": 57, "img_name": "DSCF4688.JPG", "width": 3114, "height": 2075, "position": [2.6955345999080835, -1.2962714595452611, 2.77222409050086], "rotation": [[-0.9251999625866383, 0.20752682405309772, -0.3177068562812553], [-0.14639614962220754, 0.5772159363203151, 0.8033616434916807], [0.35010455096367393, 0.789781222970195, -0.5036590347032683]], "fy": 3173.9530257001675, "fx": 3172.5294374200544}, {"id": 58, "img_name": "DSCF4689.JPG", "width": 3114, "height": 2075, "position": [2.5743752376069717, -1.337623381124028, 2.854542101877961], "rotation": [[-0.9322659710845261, 0.20140651628157016, -0.30052549701671916], [-0.12883922130960246, 0.5913995683352609, 0.7960194756569728], [0.3380541586937806, 0.780821340494859, -0.525392634148644]], "fy": 3173.9530257001675, "fx": 3172.5294374200544}, {"id": 59, "img_name": "DSCF4690.JPG", "width": 3114, "height": 2075, "position": [2.3844082484436004, -1.3801335340071257, 2.950553017449696], "rotation": [[-0.9416447513246047, 0.19565529750705074, -0.2739053976471641], [-0.11461527348235415, 0.5787289029941962, 0.8074256596886796], [0.3164940779657477, 0.7917018765902741, -0.5225319485122892]], "fy": 3173.9530257001675, "fx": 3172.5294374200544}, {"id": 60, "img_name": "DSCF4692.JPG", "width": 3114, "height": 2075, "position": [1.8825428769853407, -1.448407161145725, 3.1302636379760655], "rotation": [[-0.9594959437502775, 0.17128546742598516, -0.223671237702629], [-0.09570953847663446, 0.5485332284245955, 0.8306328801333837], [0.2649664472557871, 0.8183963501646083, -0.509921754650548]], "fy": 3173.9530257001675, "fx": 3172.5294374200544}, {"id": 61, "img_name": "DSCF4693.JPG", "width": 3114, "height": 2075, "position": [1.6056196622287238, -1.4859046802542828, 3.194015757975922], "rotation": [[-0.9713248041870376, 0.13787765028655016, -0.19369532343986018], [-0.09133243268429973, 0.535791399198972, 0.8393961897008918], [0.2195142626595824, 0.8330170046858992, -0.5078347746985744]], "fy": 3173.9530257001675, "fx": 3172.5294374200544}, {"id": 62, "img_name": "DSCF4694.JPG", "width": 3114, "height": 2075, "position": [1.327298578411358, -1.529069546354331, 3.251955436916175], "rotation": [[-0.9757913039344855, 0.08814776600325235, -0.2001531976124087], [-0.12444976538535216, 0.5287705067698892, 0.839591571578613], [0.17984322912294157, 0.8441751728870913, -0.504999693484741]], "fy": 3173.9530257001675, "fx": 3172.5294374200544}, {"id": 63, "img_name": "DSCF4695.JPG", "width": 3114, "height": 2075, "position": [1.0888552569297059, -1.5647527907428942, 3.296648407968794], "rotation": [[-0.9723805751317293, 0.12341219462052949, -0.1981046373143032], [-0.10230910078612086, 0.5375118130863288, 0.8370268207703878], [0.20978289969113884, 0.8341765286865795, -0.5100398552913148]], "fy": 3173.9530257001675, "fx": 3172.5294374200544}, {"id": 64, "img_name": "DSCF4696.JPG", "width": 3114, "height": 2075, "position": [0.9860887469555885, -1.5920359027753377, 3.307802822507038], "rotation": [[-0.9625125672395847, 0.12891282844128107, -0.23864417145434919], [-0.12980646412804325, 0.5536108884368175, 0.8225966606270491], [0.23815927396689593, 0.8227371797041059, -0.5161237190404009]], "fy": 3173.9530257001675, "fx": 3172.5294374200544}, {"id": 65, "img_name": "DSCF4697.JPG", "width": 3114, "height": 2075, "position": [1.0997809973630492, -1.6639885108301957, 3.266550561891986], "rotation": [[-0.9534621268386702, 0.05288305052639238, -0.2968389389067776], [-0.19550481283347085, 0.6410536604984539, 0.742177925109931], [0.22953832107782826, 0.7656719841606822, -0.6008814956613453]], "fy": 3173.9530257001675, "fx": 3172.5294374200544}, {"id": 66, "img_name": "DSCF4698.JPG", "width": 3114, "height": 2075, "position": [1.293767421402735, -1.734947369159944, 3.192901869375044], "rotation": [[-0.9467531565161995, 0.008602146563181765, -0.3218454034177254], [-0.21854238258157133, 0.7169032159831238, 0.6620339915205448], [0.23642691818442113, 0.6971196324789314, -0.6768504490434036]], "fy": 3173.9530257001675, "fx": 3172.5294374200544}, {"id": 67, "img_name": "DSCF4700.JPG", "width": 3114, "height": 2075, "position": [1.7871004262528243, -1.773562538269621, 3.051743207136836], "rotation": [[-0.952417511437568, 0.02434261290409123, -0.3038228449344629], [-0.17349060605804054, 0.7762754013035941, 0.6060507494761123], [0.25060305967143115, 0.6299237561228703, -0.7351150712340013]], "fy": 3173.9530257001675, "fx": 3172.5294374200544}, {"id": 68, "img_name": "DSCF4701.JPG", "width": 3114, "height": 2075, "position": [2.0245574270044884, -1.757341606409614, 2.9817658893610015], "rotation": [[-0.94410808418759, 0.0696609489743525, -0.32219136791607306], [-0.15320313985620007, 0.772709514184685, 0.615994159571882], [0.291871073095364, 0.630925795063461, -0.7188490229621928]], "fy": 3173.9530257001675, "fx": 3172.5294374200544}, {"id": 69, "img_name": "DSCF4702.JPG", "width": 3114, "height": 2075, "position": [2.255046893926144, -1.7131827944999638, 2.926727551158466], "rotation": [[-0.9348070231868146, 0.12226712284569952, -0.33344651755812327], [-0.1316440271244898, 0.7527066708873884, 0.6450600884600374], [0.3298570592287693, 0.6469029434719394, -0.6875397459087642]], "fy": 3173.9530257001675, "fx": 3172.5294374200544}, {"id": 70, "img_name": "DSCF4703.JPG", "width": 3114, "height": 2075, "position": [2.448046537067683, -1.7029121675634107, 2.878473043689242], "rotation": [[-0.9235167796358219, 0.15825847502572002, -0.349386623690166], [-0.11435840839541254, 0.7558696542146067, 0.6446574441257611], [0.36611325045721604, 0.6353072649671373, -0.6799601215656892]], "fy": 3173.9530257001675, "fx": 3172.5294374200544}, {"id": 71, "img_name": "DSCF4704.JPG", "width": 3114, "height": 2075, "position": [2.626316947965233, -1.693536634801994, 2.830075336485573], "rotation": [[-0.9127349135774804, 0.16923130852212176, -0.3718544631338996], [-0.1263385085919584, 0.7486505546313766, 0.6508155870113222], [0.3885274234638656, 0.6410016468512564, -0.6619390681554518]], "fy": 3173.9530257001675, "fx": 3172.5294374200544}, {"id": 72, "img_name": "DSCF4705.JPG", "width": 3114, "height": 2075, "position": [2.7974994845902175, -1.6325956543730282, 2.768055970498252], "rotation": [[-0.9048765299332696, 0.21329806593168957, -0.36837806754165636], [-0.10001355464812704, 0.7346416898065294, 0.6710431256520352], [0.41375808688480115, 0.6440539749648375, -0.643427325243047]], "fy": 3173.9530257001675, "fx": 3172.5294374200544}, {"id": 73, "img_name": "DSCF4706.JPG", "width": 3114, "height": 2075, "position": [2.908003185366989, -1.5461639530707048, 2.770984803022742], "rotation": [[-0.9031242144420405, 0.22775733647409713, -0.3639962210939447], [-0.08779177031343308, 0.7318706836433552, 0.6757646835168594], [0.42030852757668435, 0.6422553215860751, -0.640974916467631]], "fy": 3173.9530257001675, "fx": 3172.5294374200544}, {"id": 74, "img_name": "DSCF4708.JPG", "width": 3114, "height": 2075, "position": [2.8648558891136764, -1.3919765213915534, 2.964328625144328], "rotation": [[-0.916240719260049, 0.19637868886852858, -0.34919672811769953], [-0.1264342605478471, 0.6853414215454142, 0.7171621250971292], [0.3801543398799336, 0.7012435714303474, -0.6031087227010267]], "fy": 3173.9530257001675, "fx": 3172.5294374200544}, {"id": 75, "img_name": "DSCF4709.JPG", "width": 3114, "height": 2075, "position": [2.7796376328004286, -1.3781195035289906, 3.0733395946861344], "rotation": [[-0.9208061278603061, 0.1925950493152539, -0.33915073621350944], [-0.14059392873781804, 0.6471982417534431, 0.7492448085060832], [0.3637986010101962, 0.7375917453785034, -0.568866412308301]], "fy": 3173.9530257001675, "fx": 3172.5294374200544}, {"id": 76, "img_name": "DSCF4710.JPG", "width": 3114, "height": 2075, "position": [2.6698888616269856, -1.377115316957443, 3.191299927943571], "rotation": [[-0.9348329670033111, 0.15994218711913002, -0.3170265297783999], [-0.15999780806941127, 0.607310641851111, 0.7781866650793852], [0.3169984624832892, 0.77819809886297, -0.5421436098574709]], "fy": 3173.9530257001675, "fx": 3172.5294374200544}, {"id": 77, "img_name": "DSCF4711.JPG", "width": 3114, "height": 2075, "position": [2.489389393078357, -1.3942847696650889, 3.301969422340132], "rotation": [[-0.9527138769674544, 0.12735192197322942, -0.27589446642396775], [-0.15616160338772653, 0.5736732484615112, 0.8040600460332497], [0.26067186703021056, 0.8091232860135354, -0.5266589843244317]], "fy": 3173.9530257001675, "fx": 3172.5294374200544}, {"id": 78, "img_name": "DSCF4712.JPG", "width": 3114, "height": 2075, "position": [2.2803670821116264, -1.4214867870158623, 3.3912824926138216], "rotation": [[-0.950298941250633, 0.1303296173698398, -0.2827474369364964], [-0.17231608046989272, 0.536212623353329, 0.8263069592881538], [0.2593050147402095, 0.8339605586553673, -0.48710439942358147]], "fy": 3173.9530257001675, "fx": 3172.5294374200544}, {"id": 79, "img_name": "DSCF4713.JPG", "width": 3114, "height": 2075, "position": [2.0866844177686015, -1.4541321633301103, 3.448386611257578], "rotation": [[-0.9513480365653144, 0.13544888264395896, -0.27674991149740824], [-0.168060625406102, 0.5247090277590373, 0.8345274485457478], [0.25824898743544017, 0.8404368128411969, -0.4764172793989535]], "fy": 3173.9530257001675, "fx": 3172.5294374200544}, {"id": 80, "img_name": "DSCF4714.JPG", "width": 3114, "height": 2075, "position": [1.9003121604540039, -1.5026134825306139, 3.477504834926553], "rotation": [[-0.9390135128603648, 0.149320375127731, -0.30976934683301127], [-0.18325634529841245, 0.5449502250347639, 0.8181970203700505], [0.29098236127556903, 0.825065256695659, -0.4843517189194438]], "fy": 3173.9530257001675, "fx": 3172.5294374200544}, {"id": 81, "img_name": "DSCF4716.JPG", "width": 3114, "height": 2075, "position": [1.5492837901940757, -1.6524308785139201, 3.5074964937049056], "rotation": [[-0.8909034361391378, 0.12400338409884887, -0.43693732755111375], [-0.26295063680022085, 0.6435747072306769, 0.7187966046242197], [0.3703350241090278, 0.7552713134662152, -0.5407561492698748]], "fy": 3173.9530257001675, "fx": 3172.5294374200544}, {"id": 82, "img_name": "DSCF4717.JPG", "width": 3114, "height": 2075, "position": [1.4197753661476538, -1.7485430795889991, 3.515957197811002], "rotation": [[-0.8741592278387224, 0.0926163135776416, -0.4767261927392872], [-0.2830533947350447, 0.7005013020793273, 0.6551173188934434], [0.39462186978597, 0.7076158168416354, -0.5861343153596873]], "fy": 3173.9530257001675, "fx": 3172.5294374200544}, {"id": 83, "img_name": "DSCF4718.JPG", "width": 3114, "height": 2075, "position": [1.2888986238325453, -1.8410327220948601, 3.499564144649771], "rotation": [[-0.8758886465063997, 0.07179989472959314, -0.4771413354950567], [-0.27816045950776763, 0.7328761437507076, 0.6209020185886978], [0.3942662015537401, 0.6765628818062009, -0.621946001896044]], "fy": 3173.9530257001675, "fx": 3172.5294374200544}, {"id": 84, "img_name": "DSCF4719.JPG", "width": 3114, "height": 2075, "position": [1.2377807674012309, -1.902610587190841, 3.448733166430532], "rotation": [[-0.8823279826593781, 0.04147873611518341, -0.4688036320961245], [-0.2634340378484681, 0.7819155179073142, 0.5649872835370621], [0.38999979322953926, 0.622002923872568, -0.6789790305855494]], "fy": 3173.9530257001675, "fx": 3172.5294374200544}, {"id": 85, "img_name": "DSCF4720.JPG", "width": 3114, "height": 2075, "position": [1.3183586484859753, -1.9226363133060167, 3.3724374669748785], "rotation": [[-0.930353269695128, 0.05339661259877628, -0.3627555586487402], [-0.18307777679573278, 0.7895403193317737, 0.5857547368933627], [0.31768745837869544, 0.6113713159058551, -0.7247756845234442]], "fy": 3173.9530257001675, "fx": 3172.5294374200544}, {"id": 86, "img_name": "DSCF4721.JPG", "width": 3114, "height": 2075, "position": [1.4505181324483702, -1.9321773985532429, 3.3015900527754654], "rotation": [[-0.9519957230519952, 0.056426655096818996, -0.30086571071707785], [-0.13848050410767246, 0.797152711767651, 0.5876824857893632], [0.27299687410809786, 0.6011352482728531, -0.7510719805791863]], "fy": 3173.9530257001675, "fx": 3172.5294374200544}, {"id": 87, "img_name": "DSCF4722.JPG", "width": 3114, "height": 2075, "position": [1.6227086796144017, -1.9305116088405383, 3.2305843760186854], "rotation": [[-0.9501148659179525, 0.06543075104136825, -0.30495992913803244], [-0.13101069757074596, 0.803591124460346, 0.580583759513288], [0.28305112379875447, 0.5915742738716072, -0.754931745132991]], "fy": 3173.9530257001675, "fx": 3172.5294374200544}, {"id": 88, "img_name": "DSCF4724.JPG", "width": 3114, "height": 2075, "position": [2.1361278902597283, -1.905446894654545, 3.0638220339812072], "rotation": [[-0.9481795395872463, 0.1282429148767392, -0.29070485976679994], [-0.08838236230913542, 0.7723663169656401, 0.6289982753947655], [0.3051952141511628, 0.6220964774059166, -0.7210075270469618]], "fy": 3173.9530257001675, "fx": 3172.5294374200544}, {"id": 89, "img_name": "DSCF4725.JPG", "width": 3114, "height": 2075, "position": [2.373969146178636, -1.899389231587848, 2.980931391798475], "rotation": [[-0.949534029017563, 0.16254672673205656, -0.2682604878963114], [-0.0687061687607365, 0.7266939755615853, 0.6835168822031533], [0.3060467123036843, 0.667453689413125, -0.6788526956394244]], "fy": 3173.9530257001675, "fx": 3172.5294374200544}, {"id": 90, "img_name": "DSCF4726.JPG", "width": 3114, "height": 2075, "position": [2.57023405700836, -1.9485829306016198, 2.9043534715972346], "rotation": [[-0.9560645217716073, 0.17253743816848122, -0.23700519538585033], [-0.05480531693293019, 0.689011732819028, 0.7226750371180685], [0.28798785989258063, 0.7039131086064373, -0.6492837038510311]], "fy": 3173.9530257001675, "fx": 3172.5294374200544}, {"id": 91, "img_name": "DSCF4727.JPG", "width": 3114, "height": 2075, "position": [2.7078363677497457, -2.038971135945645, 2.856823880025682], "rotation": [[-0.9609273076502418, 0.15767973812006414, -0.2274990320824342], [-0.058997143560430565, 0.6863306703239672, 0.7248927838131398], [0.27044046750397094, 0.7099910641402761, -0.650211229045755]], "fy": 3173.9530257001675, "fx": 3172.5294374200544}, {"id": 92, "img_name": "DSCF4728.JPG", "width": 3114, "height": 2075, "position": [2.758058888170517, -2.1496291226969464, 2.8010032626745827], "rotation": [[-0.9692055422444671, 0.14630000179242478, -0.19808312991808663], [-0.05339553245576876, 0.6603972258180566, 0.7490156348472173], [0.24039453819996415, 0.7365268587141622, -0.632248884851745]], "fy": 3173.9530257001675, "fx": 3172.5294374200544}, {"id": 93, "img_name": "DSCF4729.JPG", "width": 3114, "height": 2075, "position": [2.6052891661589035, -2.2510833251886404, 2.7563294637199807], "rotation": [[-0.9737092079986805, 0.13889174752283343, -0.1805532074725762], [-0.04869667597713578, 0.6473747267782504, 0.7606146178437299], [0.22252867682022348, 0.7494097981737622, -0.6235911660645947]], "fy": 3173.9530257001675, "fx": 3172.5294374200544}, {"id": 94, "img_name": "DSCF4730.JPG", "width": 3114, "height": 2075, "position": [2.3568407459169753, -2.312237822118996, 2.78556413515023], "rotation": [[-0.9783066142382689, 0.13017086843221454, -0.1611574185362194], [-0.04122658428900344, 0.6400353500643674, 0.7672386326403571], [0.20301856389383904, 0.7572385989102682, -0.6207843160348829]], "fy": 3173.9530257001675, "fx": 3172.5294374200544}, {"id": 95, "img_name": "DSCF4732.JPG", "width": 3114, "height": 2075, "position": [1.8065847654907345, -2.352255758581936, 2.936963671681128], "rotation": [[-0.9719319511684503, 0.1394637816181546, -0.18946803401801768], [-0.050756247406030845, 0.6620793649233618, 0.7477129916565151], [0.22972175701736827, 0.7363428333048687, -0.6364174307743398]], "fy": 3173.9530257001675, "fx": 3172.5294374200544}, {"id": 96, "img_name": "DSCF4733.JPG", "width": 3114, "height": 2075, "position": [1.60344153971848, -2.3582618472856853, 3.0036019265799103], "rotation": [[-0.9713107568917756, 0.07884334425917065, -0.224363857633878], [-0.11536865013995339, 0.6687707402713645, 0.7344629136462753], [0.20795549550615447, 0.7392762839581158, -0.6404881637203519]], "fy": 3173.9530257001675, "fx": 3172.5294374200544}, {"id": 97, "img_name": "DSCF4734.JPG", "width": 3114, "height": 2075, "position": [1.4239862256215485, -2.3617053116237723, 3.064976655136837], "rotation": [[-0.9751954405307804, 0.0032119480405413724, -0.22132224505856374], [-0.16032936085681457, 0.6791205197498852, 0.716302879864301], [0.15260520572779754, 0.734019756576368, -0.6617602648545367]], "fy": 3173.9530257001675, "fx": 3172.5294374200544}, {"id": 98, "img_name": "DSCF4735.JPG", "width": 3114, "height": 2075, "position": [1.2281752910105261, -2.3565302578361234, 3.136846960480119], "rotation": [[-0.9774935102856994, -0.044741178698377085, -0.20616659350636868], [-0.18105951924666872, 0.6794876769626071, 0.7109950403104963], [0.10827690353674485, 0.7323214620538162, -0.6722956108557118]], "fy": 3173.9530257001675, "fx": 3172.5294374200544}, {"id": 99, "img_n